1 0.7101661779081134 0.6794117647058824 0.3196480938416422 0.3558823529411765
1 0.06744868035190615 0.7029411764705882 0.11143695014662756 0.19117647058823528
0 0.4682306940371456 0.7860294117647059 0.039100684261974585 0.07205882352941176
6 0.4125122189638319 0.7470588235294118 0.02932551319648094 0.058823529411764705
6 0.4696969696969697 0.7558823529411764 0.030303030303030304 0.07058823529411765
6 0.44281524926686217 0.7448529411764706 0.013685239491691105 0.04852941176470588
6 0.5083088954056696 0.7544117647058823 0.02346041055718475 0.07647058823529412
6 0.35777126099706746 0.7551470588235294 0.019550342130987292 0.06323529411764706
6 0.29227761485826004 0.7477941176470588 0.01759530791788856 0.039705882352941174
6 0.5527859237536656 0.7536764705882353 0.020527859237536656 0.06911764705882353
6 0.5366568914956011 0.7566176470588235 0.019550342130987292 0.08970588235294118
2 0.2536656891495601 0.7669117647058823 0.08895405669599218 0.11911764705882352
2 0.15395894428152493 0.8323529411764706 0.21212121212121213 0.2529411764705882
2 0.9100684261974584 0.8073529411764706 0.17204301075268819 0.22647058823529412
