0 0.6296875000000001 0.7510416666666666 0.19687500000000002 0.23958333333333334
0 0.953125 0.703125 0.084375 0.19375
5 0.8078125 0.8604166666666666 0.26875 0.2708333333333333
5 0.06406250000000001 0.6270833333333333 0.109375 0.25
6 0.8406250000000001 0.63125 0.06875 0.2708333333333333
6 0.90546875 0.5541666666666667 0.029687500000000002 0.21666666666666667
6 0.9554687500000001 0.5604166666666667 0.0484375 0.1625
6 0.7132812500000001 0.5729166666666666 0.06406250000000001 0.12916666666666665
6 0.571875 0.5260416666666666 0.046875 0.18125
6 0.5359375000000001 0.55625 0.065625 0.2625
6 0.49531250000000004 0.5677083333333334 0.06875 0.2604166666666667
6 0.4 0.5270833333333333 0.046875 0.19583333333333333
6 0.42890625000000004 0.528125 0.045312500000000006 0.19791666666666666
6 0.46875 0.4895833333333333 0.03125 0.14166666666666666
6 0.34140625 0.509375 0.0546875 0.16875
6 0.29765625 0.5020833333333333 0.0671875 0.17916666666666667
6 0.21484375 0.46041666666666664 0.0546875 0.10416666666666667
6 0.22890625 0.3020833333333333 0.0578125 0.0875
Bottle 0.23359375000000002 0.11458333333333333 0.1640625 0.22083333333333333
Bottle 0.5007812500000001 0.14270833333333333 0.1171875 0.22708333333333333
Table 0.27968750000000003 0.5833333333333334 0.1125 0.07916666666666666
Table 0.26875 0.7260416666666667 0.27187500000000003 0.26875
Table 0.6687500000000001 0.5875 0.12187500000000001 0.1
