1 0.61875 0.492874109263658 0.225 0.5106888361045131
6 0.14609375 0.5890736342042756 0.0890625 0.08551068883610452
6 0.0171875 0.6140142517814727 0.025 0.1163895486935867
2 0.2015625 0.6460807600950119 0.19687500000000002 0.15201900237529692
2 0.38906250000000003 0.6175771971496438 0.19687500000000002 0.17577197149643706
6 0.35781250000000003 0.6591448931116389 0.05 0.24465558194774348
6 0.41328125000000004 0.6413301662707839 0.0546875 0.22802850356294538
6 0.6375000000000001 0.5356294536817102 0.046875 0.09263657957244656
6 0.8078125 0.6793349168646081 0.07500000000000001 0.28978622327790976
6 0.91796875 0.7351543942992874 0.1609375 0.505938242280285
