1 0.532 0.515015015015015 0.808 0.6396396396396397
Chair 0.033 0.7432432432432432 0.054 0.15315315315315314
Chair 0.10200000000000001 0.7522522522522522 0.076 0.15315315315315314
Chair 0.184 0.7462462462462462 0.07200000000000001 0.14114114114114115
Chair 0.252 0.7492492492492493 0.064 0.14114114114114115
Chair 0.32 0.7522522522522522 0.07200000000000001 0.15315315315315314
Chair 0.405 0.7627627627627628 0.094 0.16216216216216217
Chair 0.49 0.7687687687687688 0.076 0.15015015015015015
Table 0.5740000000000001 0.8138138138138138 0.12 0.16816816816816815
Table 0.296 0.7672672672672672 0.112 0.11711711711711711
6 0.35100000000000003 0.32432432432432434 0.054 0.05405405405405406
6 0.271 0.3333333333333333 0.058 0.05405405405405406
6 0.445 0.3048048048048048 0.046 0.07507507507507508
6 0.525 0.3048048048048048 0.09 0.07507507507507508
6 0.619 0.3063063063063063 0.062 0.06006006006006006
6 0.722 0.2897897897897898 0.056 0.08108108108108109
6 0.66 0.7267267267267267 0.07200000000000001 0.3183183183183183
6 0.744 0.7357357357357357 0.08 0.32432432432432434
