1 0.50625 0.6768149882903981 0.359375 0.5152224824355972
2 0.6937500000000001 0.7271662763466042 0.07187500000000001 0.18501170960187355
2 0.7312500000000001 0.6686182669789227 0.10312500000000001 0.20843091334894615
2 0.7835937500000001 0.6206088992974239 0.0921875 0.1592505854800937
2 0.8125 0.5960187353629977 0.09375 0.13348946135831383
6 0.7781250000000001 0.49882903981264637 0.028125 0.06088992974238876
6 0.8265625000000001 0.4953161592505855 0.03125 0.06791569086651054
6 0.28984375 0.5983606557377049 0.06406250000000001 0.13817330210772832
6 0.22890625 0.6088992974238876 0.0484375 0.1592505854800937
6 0.19609375 0.6042154566744731 0.0421875 0.1405152224824356
6 0.15859375 0.6440281030444965 0.0421875 0.15456674473067916
6 0.12890625 0.6428571428571429 0.0390625 0.15690866510538642
6 0.05859375 0.6522248243559718 0.0921875 0.1522248243559719
2 0.7515625 0.46604215456674475 0.146875 0.117096018735363
2 0.7984375 0.4133489461358314 0.06875 0.09601873536299765
2 0.8226562500000001 0.3864168618266979 0.0671875 0.07962529274004684
2 0.86875 0.33840749414519905 0.07187500000000001 0.08196721311475409
2 0.89453125 0.5187353629976581 0.0890625 0.1053864168618267
2 0.92109375 0.47306791569086654 0.08281250000000001 0.11241217798594848
2 0.909375 0.40749414519906324 0.09062500000000001 0.08899297423887588
2 0.95625 0.37822014051522246 0.065625 0.09133489461358314
2 0.8148437500000001 0.8489461358313818 0.2015625 0.28337236533957844
2 0.22109375 0.8711943793911007 0.3328125 0.22482435597189696
