2 0.451 0.6586666666666666 0.126 0.10666666666666666
2 0.319 0.656 0.114 0.11733333333333333
2 0.396 0.6093333333333333 0.076 0.050666666666666665
2 0.705 0.6706666666666666 0.11800000000000001 0.10933333333333332
2 0.871 0.8253333333333333 0.25 0.32266666666666666
2 0.583 0.8106666666666666 0.358 0.352
2 0.17300000000000001 0.816 0.334 0.33066666666666666
2 0.17300000000000001 0.6306666666666666 0.11 0.09333333333333332
2 0.076 0.612 0.06 0.04533333333333333
2 0.864 0.644 0.124 0.06133333333333333
2 0.788 0.6413333333333333 0.07200000000000001 0.08266666666666667
2 0.529 0.6133333333333333 0.05 0.048
