5 0.30413385826771655 0.8136094674556212 0.20275590551181102 0.3195266272189349
5 0.6220472440944882 0.841715976331361 0.32677165354330706 0.257396449704142
6 0.5984251968503937 0.7322485207100592 0.1889763779527559 0.4526627218934911
6 0.2844488188976378 0.7085798816568047 0.1437007874015748 0.41124260355029585
6 0.734251968503937 0.5828402366863905 0.07874015748031496 0.3195266272189349
6 0.8169291338582677 0.41863905325443784 0.07480314960629922 0.26331360946745563
6 0.8740157480314961 0.4423076923076923 0.07086614173228346 0.1923076923076923
6 0.9399606299212598 0.41272189349112426 0.0610236220472441 0.1272189349112426
6 0.5354330708661417 0.5902366863905325 0.07480314960629922 0.2455621301775148
6 0.46062992125984253 0.5946745562130178 0.05905511811023622 0.2662721893491124
6 0.4005905511811024 0.591715976331361 0.06496062992125984 0.2485207100591716
6 0.13188976377952755 0.591715976331361 0.05905511811023622 0.20710059171597633
6 0.1919291338582677 0.5813609467455622 0.04133858267716535 0.1863905325443787
6 0.0344488188976378 0.5813609467455622 0.04133858267716535 0.11538461538461538
