6 0.1646752450980392 0.377859477124183 0.07751225490196079 0.17565359477124184
6 0.2682291666666667 0.3825571895424837 0.07628676470588235 0.14011437908496732
6 0.3746936274509804 0.5866013071895425 0.09436274509803921 0.5620915032679739
6 0.4221813725490196 0.3560049019607843 0.10416666666666667 0.15155228758169936
6 0.46568627450980393 0.6013071895424836 0.12316176470588235 0.5490196078431373
6 0.5358455882352942 0.5878267973856209 0.09129901960784313 0.5024509803921569
6 0.6885723039215687 0.3756127450980392 0.0934436274509804 0.15155228758169936
6 0.6510416666666666 0.38133169934640526 0.08823529411764705 0.14583333333333334
6 0.5968137254901961 0.5655637254901961 0.12193627450980392 0.44321895424836605
6 0.7193627450980392 0.6178513071895425 0.11029411764705882 0.5959967320261438
6 0.8224571078431372 0.641952614379085 0.16574754901960784 0.6866830065359477
6 0.3238357843137255 0.6517565359477124 0.12009803921568628 0.6017156862745098
6 0.2230392156862745 0.6685049019607844 0.13480392156862744 0.6156045751633987
6 0.10845588235294118 0.6503267973856209 0.16237745098039216 0.6552287581699346
