2 0.8805650684931506 0.8405393835616438 0.14069634703196346 0.11429794520547945
2 0.4327910958904109 0.8101455479452054 0.05964611872146118 0.057791095890410954
2 0.3721461187214612 0.8154965753424657 0.09189497716894976 0.06592465753424658
2 0.3035102739726027 0.8084332191780822 0.049372146118721455 0.0586472602739726
5 0.3277682648401826 0.8471746575342465 0.04594748858447488 0.08047945205479451
5 0.5760559360730594 0.8114297945205479 0.031678082191780824 0.04751712328767123
5 0.7333047945205479 0.8133561643835616 0.02482876712328767 0.05565068493150685
6 0.5465182648401826 0.8116438356164383 0.0273972602739726 0.07106164383561643
6 0.7532819634703196 0.8030821917808219 0.021974885844748857 0.06164383561643835
5 0.15253995433789955 0.8050085616438356 0.05507990867579908 0.050941780821917804
