5 0.07905138339920947 0.6294642857142857 0.09486166007905138 0.2113095238095238
5 0.18083003952569168 0.675595238095238 0.12055335968379446 0.27976190476190477
5 0.3102766798418972 0.6636904761904762 0.13043478260869565 0.26785714285714285
5 0.41897233201581024 0.6473214285714285 0.11462450592885375 0.2648809523809524
5 0.5128458498023715 0.6294642857142857 0.06916996047430829 0.1636904761904762
5 0.5889328063241106 0.6532738095238095 0.07509881422924901 0.25297619047619047
5 0.6600790513833992 0.6190476190476191 0.05533596837944664 0.15476190476190477
5 0.7075098814229248 0.650297619047619 0.08300395256916995 0.1994047619047619
5 0.7984189723320158 0.6622023809523809 0.11857707509881422 0.23511904761904762
5 0.9347826086956521 0.6488095238095237 0.11857707509881422 0.22023809523809523
6 0.5721343873517786 0.5372023809523809 0.04545454545454545 0.12202380952380952
6 0.44169960474308295 0.5074404761904762 0.04545454545454545 0.15773809523809523
