0 0.7445312500000001 0.5365853658536586 0.21406250000000002 0.8641114982578397
0 0.33125000000000004 0.5714285714285714 0.384375 0.759581881533101
6 0.09609375 0.5052264808362369 0.1765625 0.975609756097561
6 0.23046875 0.2857142857142857 0.045312500000000006 0.30662020905923343
6 0.27265625 0.25609756097560976 0.045312500000000006 0.21951219512195122
6 0.33046875000000003 0.259581881533101 0.0484375 0.24738675958188153
6 0.45937500000000003 0.289198606271777 0.053125000000000006 0.32752613240418116
6 0.40390625 0.2961672473867596 0.0671875 0.46689895470383275
6 0.671875 0.313588850174216 0.1 0.5853658536585366
6 0.5171875 0.21254355400696864 0.034375 0.10452961672473868
