6 0.16666666666666669 0.7514792899408284 0.0650887573964497 0.14201183431952663
6 0.17061143984220908 0.6789940828402367 0.045364891518737675 0.09171597633136094
6 0.22978303747534518 0.6923076923076923 0.04930966469428008 0.14792899408284024
6 0.23964497041420119 0.8076923076923077 0.05325443786982249 0.13609467455621302
6 0.34615384615384615 0.6464497041420119 0.04142011834319527 0.09171597633136094
6 0.3165680473372781 0.7233727810650887 0.05719921104536489 0.15680473372781065
6 0.3530571992110454 0.742603550295858 0.07889546351084813 0.15384615384615385
6 0.7110453648915188 0.6227810650887574 0.07692307692307693 0.10946745562130178
6 0.7938856015779093 0.6050295857988166 0.037475345167652864 0.07988165680473372
6 0.8609467455621302 0.6050295857988166 0.045364891518737675 0.07988165680473372
Table 0.7731755424063117 0.673076923076923 0.126232741617357 0.09171597633136094
5 0.7879684418145957 0.856508875739645 0.2702169625246548 0.23964497041420119
5 0.4201183431952663 0.8372781065088757 0.19723865877712032 0.23668639053254437
5 0.5808678500986194 0.8150887573964497 0.19921104536489154 0.257396449704142
5 0.9378698224852071 0.7914201183431953 0.12426035502958581 0.26331360946745563
5 0.3037475345167653 0.8476331360946745 0.10650887573964497 0.1390532544378698
Chair 0.1824457593688363 0.8698224852071006 0.08875739644970415 0.1834319526627219
