0 0.5240585774058577 0.7465181058495822 0.0899581589958159 0.19498607242339833
0 0.40794979079497906 0.7506963788300836 0.0711297071129707 0.18105849582172703
6 0.038702928870292884 0.6852367688022284 0.0606694560669456 0.20612813370473537
6 0.0794979079497908 0.692200557103064 0.06694560669456066 0.2479108635097493
6 0.41213389121338906 0.6935933147632312 0.07531380753138074 0.22284122562674094
6 0.5292887029288702 0.692200557103064 0.0794979079497908 0.2200557103064067
2 0.35460251046025104 0.6364902506963789 0.0815899581589958 0.10306406685236769
2 0.29707112970711297 0.6434540389972145 0.0794979079497908 0.116991643454039
2 0.18828451882845187 0.6420612813370473 0.18410041841004182 0.15877437325905291
2 0.6380753138075314 0.6197771587743732 0.050209205020920494 0.06963788300835655
2 0.606694560669456 0.6337047353760445 0.06276150627615062 0.08635097493036212
2 0.8378661087866108 0.7506963788300836 0.3075313807531381 0.47075208913649025
