1 0.3063241106719367 0.5353982300884955 0.1541501976284585 0.40412979351032446
1 0.5592885375494071 0.47935103244837757 0.4268774703557312 0.6224188790560472
0 0.3310276679841897 0.7286135693215339 0.04150197628458498 0.1592920353982301
5 0.2134387351778656 0.6622418879056047 0.04743083003952569 0.11504424778761062
1 0.03359683794466403 0.5206489675516224 0.05928853754940711 0.2448377581120944
6 0.21047430830039524 0.5973451327433629 0.04940711462450593 0.09734513274336283
6 0.32806324110671936 0.6740412979351033 0.05138339920948616 0.20943952802359883
2 0.15612648221343872 0.588495575221239 0.07905138339920947 0.09144542772861357
2 0.8636363636363635 0.7625368731563422 0.26877470355731226 0.45132743362831856
2 0.651185770750988 0.7286135693215339 0.2509881422924901 0.37168141592920356
