1 0.22781065088757396 0.5872781065088757 0.1952662721893491 0.29881656804733725
0 0.9161735700197239 0.7381656804733727 0.14398422090729784 0.23964497041420119
Chair 0.6183431952662722 0.7322485207100592 0.03353057199211046 0.09171597633136094
6 0.354043392504931 0.6568047337278107 0.045364891518737675 0.15976331360946744
6 0.28007889546351084 0.5562130177514792 0.03155818540433925 0.05917159763313609
6 0.4250493096646943 0.5902366863905325 0.02958579881656805 0.07396449704142012
6 0.4191321499013807 0.6982248520710059 0.0611439842209073 0.1893491124260355
6 0.4556213017751479 0.6479289940828402 0.04733727810650888 0.17159763313609466
6 0.6725838264299803 0.7559171597633136 0.07100591715976332 0.16863905325443787
6 0.7238658777120316 0.7825443786982248 0.07889546351084813 0.3165680473372781
6 0.8254437869822485 0.8150887573964497 0.09664694280078896 0.34615384615384615
2 0.10059171597633136 0.7914201183431953 0.18934911242603553 0.3994082840236686
