3 0.4390625 0.7002341920374707 0.0625 0.18266978922716628
2 0.6703125000000001 0.45784543325526933 0.078125 0.14285714285714285
2 0.7117187500000001 0.4566744730679157 0.0546875 0.09836065573770492
2 0.76328125 0.45433255269320844 0.045312500000000006 0.0702576112412178
2 0.6140625000000001 0.45784543325526933 0.07500000000000001 0.17096018735362997
2 0.5484375 0.45550351288056207 0.13125 0.2224824355971897
2 0.43359375 0.47306791569086654 0.24531250000000002 0.24824355971896955
2 0.1875 0.48009367681498827 0.36562500000000003 0.5292740046838408
2 0.8718750000000001 0.4262295081967213 0.140625 0.26697892271662765
5 0.9281250000000001 0.42857142857142855 0.13125 0.468384074941452
