6 0.1328125 0.5715962441314554 0.07500000000000001 0.3403755868544601
6 0.20625000000000002 0.5715962441314554 0.078125 0.2934272300469484
6 0.27734375 0.5481220657276995 0.07968750000000001 0.33568075117370894
6 0.06640625 0.6302816901408451 0.1265625 0.4906103286384977
6 0.3953125 0.6490610328638498 0.1375 0.6455399061032864
6 0.484375 0.5715962441314554 0.07187500000000001 0.392018779342723
6 0.58125 0.5528169014084507 0.12812500000000002 0.4671361502347418
6 0.6820312500000001 0.539906103286385 0.1015625 0.4413145539906103
6 0.76328125 0.5985915492957746 0.22968750000000002 0.7746478873239436
6 0.8460937500000001 0.545774647887324 0.09531250000000001 0.6032863849765259
6 0.9554687500000001 0.4518779342723005 0.0671875 0.23708920187793428
