0 0.14921875 0.7385416666666667 0.20468750000000002 0.3770833333333333
0 0.30078125 0.48541666666666666 0.0390625 0.09166666666666666
0 0.2515625 0.5322916666666666 0.065625 0.18541666666666667
6 0.36640625000000004 0.428125 0.0234375 0.07291666666666667
6 0.434375 0.465625 0.065625 0.09375
6 0.51484375 0.4666666666666667 0.045312500000000006 0.09583333333333333
6 0.55703125 0.47291666666666665 0.0578125 0.10833333333333334
6 0.5921875 0.5052083333333334 0.05625 0.16041666666666665
6 0.63828125 0.45 0.0390625 0.07916666666666666
6 0.6820312500000001 0.46770833333333334 0.0734375 0.10625
Chair 0.4546875 0.5979166666666667 0.078125 0.15416666666666667
Chair 0.5546875 0.6208333333333333 0.08750000000000001 0.15833333333333333
Chair 0.7718750000000001 0.590625 0.08125 0.15625
Chair 0.671875 0.6177083333333333 0.07500000000000001 0.14375
Table 0.703125 0.5822916666666667 0.078125 0.13958333333333334
Table 0.53046875 0.5979166666666667 0.1234375 0.14583333333333334
2 0.18984375 0.465625 0.1203125 0.17708333333333334
2 0.13203125000000002 0.5020833333333333 0.1546875 0.19166666666666665
2 0.07421875 0.6270833333333333 0.1390625 0.3958333333333333
