6 0.0203125 0.46962616822429903 0.028125 0.102803738317757
6 0.11015625000000001 0.48714953271028033 0.1203125 0.23130841121495324
6 0.1921875 0.4661214953271028 0.084375 0.20327102803738317
6 0.2703125 0.6238317757009345 0.153125 0.5373831775700935
6 0.4140625 0.4964953271028037 0.084375 0.17990654205607476
6 0.49531250000000004 0.5607476635514018 0.140625 0.411214953271028
6 0.59140625 0.5490654205607476 0.0859375 0.16822429906542055
5 0.30078125 0.6705607476635513 0.35781250000000003 0.4205607476635514
0 0.54140625 0.6927570093457943 0.2328125 0.29205607476635514
2 0.790625 0.6752336448598131 0.403125 0.514018691588785
