6 0.7757352941176471 0.5022467320261438 0.08700980392156862 0.3002450980392157
6 0.7400428921568627 0.5114379084967321 0.09037990196078431 0.3382352941176471
6 0.6738664215686274 0.49959150326797386 0.0701593137254902 0.3284313725490196
6 0.6147365196078431 0.5347222222222222 0.09221813725490197 0.3709150326797386
6 0.5355392156862745 0.5343137254901961 0.0784313725490196 0.3611111111111111
6 0.45235906862745096 0.5406454248366013 0.07751225490196079 0.42197712418300654
6 0.3952205882352941 0.5845588235294118 0.14338235294117646 0.5236928104575164
6 0.26455269607843135 0.5886437908496732 0.11795343137254902 0.6143790849673203
6 0.16513480392156862 0.5943627450980392 0.15073529411764705 0.6454248366013072
6 0.06969975490196079 0.6276552287581699 0.11672794117647059 0.7177287581699346
