1 0.5128205128205129 0.5118343195266272 0.6351084812623274 0.4437869822485207
6 0.5069033530571992 0.4970414201183432 0.08678500986193294 0.20118343195266272
6 0.4112426035502959 0.4349112426035503 0.08875739644970415 0.10650887573964497
6 0.31163708086785014 0.4363905325443787 0.03944773175542406 0.09171597633136094
6 0.27317554240631164 0.4334319526627219 0.045364891518737675 0.08579881656804733
6 0.23767258382643 0.4245562130177515 0.04142011834319527 0.09763313609467456
6 0.46055226824457596 0.7233727810650887 0.08086785009861934 0.45857988165680474
6 0.5433925049309665 0.6183431952662721 0.05325443786982249 0.3136094674556213
6 0.68836291913215 0.5976331360946745 0.0631163708086785 0.23668639053254437
6 0.6449704142011835 0.7514792899408284 0.11045364891518739 0.4615384615384615
6 0.7445759368836292 0.650887573964497 0.07297830374753451 0.3313609467455621
6 0.9072978303747535 0.7204142011834319 0.10650887573964497 0.34023668639053256
6 0.9023668639053255 0.8180473372781065 0.1715976331360947 0.3343195266272189
6 0.8550295857988166 0.6449704142011834 0.15976331360946747 0.28994082840236685
6 0.3727810650887574 0.5428994082840236 0.04339250493096647 0.08579881656804733
6 0.2879684418145957 0.5414201183431953 0.0631163708086785 0.1242603550295858
6 0.22879684418145957 0.5946745562130178 0.05128205128205129 0.23076923076923075
6 0.14398422090729784 0.7278106508875739 0.10256410256410257 0.5029585798816568
6 0.34615384615384615 0.7189349112426036 0.10848126232741617 0.4911242603550296
6 0.616370808678501 0.45710059171597633 0.10059171597633136 0.10355029585798817
