0 0.34296875000000004 0.5041666666666667 0.2328125 0.45833333333333337
0 0.6195312500000001 0.33055555555555555 0.1234375 0.14444444444444446
0 0.76875 0.3194444444444445 0.1125 0.15
1 0.9203125000000001 0.24305555555555555 0.15000000000000002 0.21944444444444444
6 0.2328125 0.2125 0.07187500000000001 0.09166666666666667
6 0.29531250000000003 0.2763888888888889 0.07500000000000001 0.18611111111111112
6 0.34609375000000003 0.25972222222222224 0.0421875 0.1527777777777778
6 0.39453125 0.2791666666666667 0.060937500000000006 0.19722222222222224
6 0.4421875 0.24444444444444446 0.025 0.1277777777777778
6 0.52109375 0.2611111111111111 0.0484375 0.15
6 0.61875 0.23611111111111113 0.05625 0.13333333333333333
6 0.7703125000000001 0.27083333333333337 0.040625 0.19166666666666668
6 0.8382812500000001 0.26944444444444443 0.045312500000000006 0.25
6 0.47109375000000003 0.49583333333333335 0.1765625 0.4138888888888889
