2 0.10078125 0.6955503512880562 0.1953125 0.4215456674473068
Chair 0.7921875 0.6932084309133489 0.07500000000000001 0.1686182669789227
Chair 0.6578125 0.6627634660421545 0.065625 0.1592505854800937
Chair 0.55703125 0.6405152224824356 0.060937500000000006 0.1288056206088993
Chair 0.39765625000000004 0.6229508196721312 0.051562500000000004 0.09836065573770492
Table 0.46640625 0.65807962529274 0.060937500000000006 0.1592505854800937
Table 0.72421875 0.680327868852459 0.060937500000000006 0.17096018735362997
6 0.11406250000000001 0.4894613583138173 0.05625 0.07962529274004684
6 0.18359375 0.5772833723653396 0.045312500000000006 0.13817330210772832
6 0.22968750000000002 0.563231850117096 0.037500000000000006 0.14285714285714285
6 0.259375 0.6065573770491803 0.09375 0.31381733021077285
6 0.43125 0.5714285714285714 0.07187500000000001 0.12646370023419204
6 0.50546875 0.5737704918032787 0.0671875 0.12177985948477751
6 0.6742187500000001 0.6381733021077284 0.07968750000000001 0.25526932084309134
6 0.70234375 0.5573770491803278 0.035937500000000004 0.07494145199063232
6 0.759375 0.5644028103044496 0.05625 0.08899297423887588
6 0.7734375 0.6498829039812646 0.1125 0.24121779859484777
5 0.5421875 0.7915690866510539 0.1625 0.41217798594847777
5 0.36015625 0.7868852459016393 0.15781250000000002 0.41217798594847777
5 0.9265625000000001 0.7552693208430913 0.14375000000000002 0.4707259953161593
