6 0.31171875000000004 0.7129436325678496 0.1078125 0.21503131524008348
6 0.37890625 0.74321503131524 0.06406250000000001 0.23799582463465552
6 0.4609375 0.7150313152400835 0.06875 0.24008350730688932
6 0.5453125 0.7390396659707724 0.059375000000000004 0.2171189979123173
6 0.039843750000000004 0.7118997912317327 0.060937500000000006 0.19206680584551147
6 0.1296875 0.8037578288100208 0.09062500000000001 0.36743215031315235
6 0.234375 0.813152400835073 0.08750000000000001 0.3695198329853862
6 0.7664062500000001 0.7369519832985385 0.0703125 0.27139874739039666
6 0.8187500000000001 0.7421711899791231 0.07187500000000001 0.24008350730688932
6 0.8679687500000001 0.7171189979123173 0.0578125 0.21920668058455112
6 0.95703125 0.6221294363256784 0.035937500000000004 0.11691022964509393
