1 0.80390625 0.7838785046728971 0.19843750000000002 0.23598130841121492
6 0.553125 0.9042056074766355 0.08125 0.17289719626168223
6 0.60703125 0.858644859813084 0.08281250000000001 0.25934579439252337
6 0.96015625 0.8247663551401868 0.035937500000000004 0.11682242990654204
2 0.6953125 0.8014018691588785 0.084375 0.102803738317757
2 0.55234375 0.77803738317757 0.0421875 0.05607476635514018
2 0.49921875000000004 0.772196261682243 0.051562500000000004 0.0630841121495327
2 0.44375000000000003 0.7651869158878504 0.046875 0.07242990654205607
2 0.39375000000000004 0.7605140186915887 0.046875 0.06775700934579439
2 0.259375 0.7628504672897196 0.059375000000000004 0.07242990654205607
2 0.11796875000000001 0.7628504672897196 0.07968750000000001 0.10514018691588785
2 0.30312500000000003 0.7546728971962616 0.05 0.06074766355140186
