0 0.20703125 0.7696078431372549 0.1796875 0.3676470588235294
0 0.35234375 0.6997549019607843 0.09843750000000001 0.23774509803921567
0 0.45156250000000003 0.633578431372549 0.096875 0.18872549019607843
2 0.14453125 0.5196078431372549 0.1796875 0.11274509803921569
2 0.41484375 0.508578431372549 0.1484375 0.13480392156862744
6 0.546875 0.4963235294117647 0.040625 0.13970588235294118
0 0.5476562500000001 0.5821078431372549 0.045312500000000006 0.11519607843137254
6 0.571875 0.5318627450980392 0.05 0.20098039215686275
2 0.2828125 0.508578431372549 0.10625000000000001 0.09068627450980392
2 0.05859375 0.5502450980392157 0.11093750000000001 0.15931372549019607
