0 0.45 0.2400932400932401 0.259375 0.3962703962703963
0 0.13593750000000002 0.17016317016317017 0.26875 0.3356643356643357
6 0.6140625000000001 0.36363636363636365 0.06875 0.20046620046620048
6 0.66328125 0.3181818181818182 0.07968750000000001 0.1282051282051282
6 0.8640625000000001 0.5547785547785548 0.109375 0.675990675990676
6 0.7234375000000001 0.5629370629370629 0.259375 0.8228438228438228
6 0.60546875 0.7144522144522144 0.2265625 0.5337995337995338
6 0.42734375 0.7284382284382285 0.22968750000000002 0.5151515151515151
6 0.25234375000000003 0.7237762237762237 0.2546875 0.5198135198135199
2 0.36171875000000003 0.6515151515151515 0.7109375 0.6456876456876457
