0 0.5830078125 0.5505124450951684 0.11328125 0.1376281112737921
5 0.33935546875 0.568814055636896 0.1103515625 0.11273792093704246
Chair 0.91845703125 0.513909224011713 0.0380859375 0.07613469985358712
6 0.06201171875 0.48316251830161056 0.0771484375 0.1259150805270864
6 0.142578125 0.47144948755490484 0.03125 0.09956076134699854
6 0.20947265625 0.49267935578330896 0.0419921875 0.13323572474377746
6 0.2373046875 0.46998535871156666 0.0390625 0.08784773060029283
6 0.30517578125 0.47144948755490484 0.0595703125 0.10248901903367497
6 0.39208984375 0.4780380673499268 0.0263671875 0.10980966325036604
6 0.42529296875 0.47218155197657397 0.0263671875 0.09224011713030747
6 0.4423828125 0.48243045387994143 0.03125 0.13616398243045388
6 0.47314453125 0.47144948755490484 0.0263671875 0.09370424597364568
6 0.5 0.4751098096632504 0.033203125 0.11566617862371889
6 0.537109375 0.47144948755490484 0.029296875 0.07613469985358712
6 0.59375 0.5197657393850659 0.0703125 0.17276720351390923
6 0.6337890625 0.48535871156661786 0.025390625 0.10688140556368961
6 0.6787109375 0.4882869692532943 0.03125 0.10688140556368961
6 0.794921875 0.47291361639824303 0.0234375 0.09956076134699854
6 0.84033203125 0.49194729136163984 0.0322265625 0.11127379209370425
6 0.88916015625 0.4838945827232797 0.0380859375 0.12152269399707175
6 0.92724609375 0.48243045387994143 0.0263671875 0.12152269399707175
6 0.95703125 0.47218155197657397 0.03515625 0.09809663250366032
6 0.98046875 0.5021961932650073 0.029296875 0.1815519765739385
