5 0.23779296875 0.5904947916666666 0.1201171875 0.14973958333333331
5 0.673828125 0.6790364583333333 0.197265625 0.30338541666666663
6 0.20361328125 0.509765625 0.0458984375 0.14973958333333331
6 0.26318359375 0.5442708333333333 0.0556640625 0.21614583333333331
6 0.34228515625 0.5052083333333333 0.0419921875 0.15104166666666666
6 0.37841796875 0.5169270833333333 0.0458984375 0.171875
6 0.42578125 0.5149739583333333 0.037109375 0.14453125
6 0.4619140625 0.537109375 0.07421875 0.30338541666666663
6 0.521484375 0.6158854166666666 0.10546875 0.34375
6 0.57568359375 0.501953125 0.0322265625 0.13932291666666666
6 0.64453125 0.552734375 0.12890625 0.26432291666666663
6 0.77978515625 0.6614583333333333 0.1318359375 0.5
6 0.89697265625 0.6686197916666666 0.1533203125 0.58984375
