6 0.22031250000000002 0.4583333333333333 0.065625 0.10416666666666667
6 0.0578125 0.46979166666666666 0.040625 0.10625
6 0.05078125 0.6677083333333333 0.0890625 0.4979166666666667
6 0.17343750000000002 0.7302083333333333 0.13125 0.5145833333333333
6 0.36484375 0.45416666666666666 0.060937500000000006 0.125
6 0.44453125000000004 0.44687499999999997 0.0578125 0.13125
6 0.5625 0.434375 0.059375000000000004 0.11041666666666666
6 0.7757812500000001 0.6489583333333333 0.1265625 0.5895833333333333
6 0.65625 0.6708333333333333 0.14375000000000002 0.6291666666666667
6 0.5164062500000001 0.65625 0.1328125 0.49166666666666664
6 0.41015625 0.68125 0.1203125 0.5125
6 0.27968750000000003 0.6802083333333333 0.15000000000000002 0.6270833333333333
6 0.89765625 0.5114583333333333 0.08281250000000001 0.29791666666666666
6 0.971875 0.48020833333333335 0.05 0.22708333333333333
