6 0.061946902654867256 0.55 0.10619469026548672 0.4466666666666667
6 0.14823008849557523 0.5850000000000001 0.14601769911504425 0.47000000000000003
6 0.34513274336283184 0.64 0.05309734513274336 0.3066666666666667
6 0.30420353982300885 0.6216666666666667 0.05973451327433628 0.27
6 0.4247787610619469 0.6333333333333334 0.07964601769911504 0.31333333333333335
6 0.5132743362831859 0.5766666666666667 0.061946902654867256 0.14666666666666667
6 0.629424778761062 0.6316666666666667 0.05973451327433628 0.3166666666666667
6 0.6725663716814159 0.635 0.061946902654867256 0.31
6 0.7334070796460177 0.6216666666666667 0.06415929203539823 0.3166666666666667
6 0.7942477876106194 0.6050000000000001 0.07964601769911504 0.33666666666666667
6 0.8639380530973452 0.5900000000000001 0.07743362831858407 0.3666666666666667
6 0.9314159292035398 0.5583333333333333 0.09734513274336283 0.3766666666666667
6 0.5398230088495575 0.6166666666666667 0.16371681415929204 0.4466666666666667
6 0.2588495575221239 0.5416666666666667 0.19911504424778761 0.6166666666666667
