0 0.24 0.688 0.24 0.39999999999999997
5 0.751 0.5213333333333333 0.09 0.16799999999999998
5 0.865 0.6226666666666666 0.242 0.3333333333333333
5 0.595 0.5386666666666666 0.20600000000000002 0.19733333333333333
6 0.221 0.5773333333333334 0.21 0.5146666666666666
6 0.34 0.3733333333333333 0.028 0.08
6 0.604 0.44 0.096 0.192
6 0.534 0.5813333333333334 0.14 0.30933333333333335
6 0.8190000000000001 0.4533333333333333 0.134 0.18133333333333332
6 0.905 0.6026666666666667 0.15 0.48533333333333334
2 0.125 0.3733333333333333 0.07 0.064
2 0.055 0.364 0.05 0.056
