6 0.03515625 0.4002932551319648 0.060937500000000006 0.2316715542521994
6 0.06484375 0.3196480938416422 0.035937500000000004 0.093841642228739
6 0.10312500000000001 0.3709677419354839 0.034375 0.20234604105571846
6 0.12890625 0.30058651026392963 0.026562500000000003 0.08504398826979472
6 0.1625 0.3709677419354839 0.05625 0.2375366568914956
6 0.240625 0.3152492668621701 0.037500000000000006 0.12023460410557185
6 0.22031250000000002 0.4252199413489736 0.1 0.2756598240469208
6 0.30781250000000004 0.38269794721407624 0.06875 0.2903225806451613
6 0.42265625 0.2624633431085044 0.0328125 0.10263929618768329
6 0.5203125000000001 0.28885630498533726 0.065625 0.12023460410557185
6 0.5203125000000001 0.3533724340175953 0.078125 0.16129032258064516
6 0.40468750000000003 0.45161290322580644 0.078125 0.3519061583577713
6 0.47578125000000004 0.47947214076246336 0.11093750000000001 0.44281524926686217
6 0.5828125000000001 0.3343108504398827 0.078125 0.22287390029325513
6 0.61484375 0.6407624633431085 0.2078125 0.6891495601173021
6 0.6828125 0.3489736070381232 0.08125 0.1935483870967742
6 0.70703125 0.3064516129032258 0.0578125 0.1378299120234604
6 0.7578125 0.41055718475073316 0.09375 0.31671554252199413
6 0.87265625 0.4120234604105572 0.0859375 0.3489736070381232
6 0.94140625 0.3841642228739003 0.1015625 0.3812316715542522
5 0.11484375000000001 0.41348973607038125 0.060937500000000006 0.1466275659824047
5 0.043750000000000004 0.4398826979472141 0.078125 0.1466275659824047
5 0.23046875 0.49266862170087977 0.1265625 0.21114369501466276
5 0.15937500000000002 0.4472140762463343 0.0625 0.17302052785923755
5 0.31953125000000004 0.4120234604105572 0.13593750000000002 0.20234604105571846
5 0.46015625000000004 0.5586510263929618 0.1796875 0.2727272727272727
5 0.72578125 0.5351906158357771 0.1640625 0.2668621700879765
5 0.89765625 0.6436950146627566 0.1640625 0.2727272727272727
5 0.63046875 0.7404692082111437 0.3796875 0.39002932551319647
