6 0.05617088607594937 0.22666666666666668 0.09968354430379747 0.28
Bottle 0.06962025316455696 0.39333333333333337 0.04746835443037974 0.18000000000000002
Bottle 0.3291139240506329 0.39666666666666667 0.022151898734177215 0.18666666666666668
6 0.16534810126582278 0.49000000000000005 0.17563291139240506 0.7933333333333333
6 0.2950949367088608 0.5166666666666667 0.13132911392405064 0.88
6 0.40664556962025317 0.5800000000000001 0.11392405063291139 0.8266666666666668
6 0.49446202531645567 0.2866666666666667 0.10284810126582278 0.4266666666666667
6 0.5688291139240507 0.23 0.08386075949367089 0.22666666666666668
6 0.6265822784810127 0.18333333333333335 0.08860759493670886 0.2
6 0.7800632911392404 0.24500000000000002 0.12025316455696203 0.39666666666666667
6 0.8647151898734177 0.18666666666666668 0.08386075949367089 0.24666666666666667
6 0.9335443037974683 0.12333333333333334 0.04746835443037974 0.2066666666666667
6 0.9295886075949367 0.5383333333333333 0.11550632911392406 0.77
6 0.6242088607594937 0.5466666666666667 0.4889240506329114 0.8466666666666667
