1 0.43359375 0.5386416861826698 0.6609375000000001 0.8384074941451991
6 0.49765625 0.2716627634660422 0.035937500000000004 0.0702576112412178
6 0.41718750000000004 0.27400468384074944 0.046875 0.08430913348946135
6 0.37812500000000004 0.2962529274004684 0.034375 0.08665105386416862
6 0.33671875 0.2997658079625293 0.0421875 0.07494145199063232
6 0.296875 0.319672131147541 0.034375 0.07728337236533958
6 0.26796875000000003 0.32435597189695553 0.026562500000000003 0.08196721311475409
6 0.525 0.550351288056206 0.06875 0.11241217798594848
6 0.4 0.5901639344262295 0.046875 0.07962529274004684
6 0.32421875 0.5866510538641686 0.0546875 0.08196721311475409
6 0.26875 0.5925058548009368 0.043750000000000004 0.06557377049180328
