0 0.7789317507418398 0.9130434782608695 0.10979228486646884 0.07114624505928853
5 0.6112759643916914 0.9288537549407114 0.08902077151335312 0.08695652173913043
5 0.4821958456973294 0.9486166007905138 0.11572700296735905 0.10276679841897232
5 0.06379821958456973 0.9476284584980237 0.10979228486646884 0.09683794466403162
5 0.8857566765578635 0.8794466403162055 0.04451038575667656 0.043478260869565216
6 0.060830860534124634 0.9130434782608695 0.09198813056379822 0.13833992094861658
6 0.5014836795252225 0.9090909090909091 0.10682492581602374 0.11857707509881422
6 0.612759643916914 0.8992094861660078 0.09792284866468844 0.0909090909090909
6 0.7833827893175075 0.8824110671936758 0.05934718100890208 0.07707509881422925
6 0.8887240356083086 0.8636363636363635 0.03857566765578635 0.043478260869565216
