6 0.9491150442477876 0.4316666666666667 0.061946902654867256 0.26333333333333336
6 0.8971238938053098 0.4466666666666667 0.05973451327433628 0.25333333333333335
6 0.8451327433628318 0.44 0.05309734513274336 0.22666666666666668
6 0.8097345132743363 0.4416666666666667 0.0663716814159292 0.25
6 0.7566371681415929 0.42500000000000004 0.05309734513274336 0.21666666666666667
6 0.7057522123893806 0.45 0.0752212389380531 0.32666666666666666
6 0.6360619469026548 0.42500000000000004 0.05973451327433628 0.2566666666666667
6 0.5984513274336283 0.38333333333333336 0.05530973451327434 0.19333333333333336
6 0.5508849557522124 0.4316666666666667 0.08849557522123894 0.29000000000000004
6 0.5188053097345132 0.6883333333333334 0.26327433628318586 0.44333333333333336
