0 0.1834319526627219 0.9043392504930967 0.28402366863905326 0.08481262327416174
0 0.5310650887573964 0.8964497041420119 0.29881656804733725 0.08875739644970415
5 0.34763313609467456 0.8915187376725838 0.07396449704142012 0.08678500986193294
5 0.8047337278106509 0.8885601577909271 0.07100591715976332 0.09270216962524655
5 0.893491124260355 0.893491124260355 0.0650887573964497 0.07889546351084813
6 0.7292899408284024 0.9378698224852071 0.17455621301775148 0.116370808678501
6 0.9349112426035503 0.9289940828402368 0.1301775147928994 0.13412228796844183
Table 0.2588757396449704 0.9487179487179488 0.10946745562130178 0.03944773175542406
Table 0.1849112426035503 0.9773175542406312 0.1982248520710059 0.04142011834319527
Chair 0.34615384615384615 0.9644970414201184 0.14201183431952663 0.0631163708086785
