3 0.5085937500000001 0.7770833333333333 0.3515625 0.4125
6 0.31562500000000004 0.5760416666666667 0.03125 0.08541666666666667
6 0.38203125000000004 0.49583333333333335 0.0421875 0.0875
6 0.31796875 0.40520833333333334 0.035937500000000004 0.06875
6 0.4078125 0.4114583333333333 0.028125 0.06458333333333333
6 0.42812500000000003 0.42916666666666664 0.025 0.07083333333333333
6 0.45859375 0.3802083333333333 0.026562500000000003 0.06458333333333333
6 0.515625 0.459375 0.040625 0.08958333333333333
6 0.35625 0.29375 0.025 0.05
6 0.5640625 0.3677083333333333 0.037500000000000006 0.05625
6 0.5609375 0.4010416666666667 0.028125 0.06875
6 0.6484375 0.3802083333333333 0.028125 0.07291666666666667
6 0.71015625 0.5052083333333334 0.026562500000000003 0.08958333333333333
6 0.7562500000000001 0.6083333333333333 0.03125 0.1
