2 0.32421875 0.8154205607476634 0.11093750000000001 0.11682242990654204
2 0.43125 0.8095794392523364 0.046875 0.04906542056074766
2 0.49531250000000004 0.8165887850467289 0.08750000000000001 0.08177570093457943
2 0.5789062500000001 0.8177570093457943 0.051562500000000004 0.06074766355140186
1 0.49140625000000004 0.7686915887850466 0.0921875 0.05607476635514018
1 0.60859375 0.7803738317757009 0.0484375 0.09813084112149532
6 0.2015625 0.7920560747663551 0.028125 0.05607476635514018
6 0.1015625 0.7803738317757009 0.018750000000000003 0.05607476635514018
6 0.12109375 0.7873831775700934 0.0203125 0.0514018691588785
6 0.028125 0.7733644859813084 0.037500000000000006 0.06074766355140186
