2 0.1859375 0.8091334894613583 0.1125 0.07728337236533958
2 0.28828125 0.8044496487119438 0.051562500000000004 0.04918032786885246
2 0.35703125 0.7997658079625293 0.0546875 0.06791569086651054
2 0.43984375000000003 0.8021077283372365 0.0484375 0.053864168618266976
2 0.48203125 0.7927400468384075 0.0328125 0.04449648711943794
2 0.11796875000000001 0.9063231850117096 0.22031250000000002 0.17330210772833723
2 0.8125 0.7985948477751756 0.059375000000000004 0.08430913348946135
2 0.6921875000000001 0.8723653395784543 0.13125 0.18032786885245902
2 0.59765625 0.7833723653395784 0.0328125 0.03981264637002342
2 0.5546875 0.7845433255269321 0.040625 0.04215456674473068
