2 0.46640625 0.6729166666666666 0.7203125 0.5041666666666667
2 0.465625 0.4083333333333333 0.1125 0.0625
2 0.5546875 0.4041666666666667 0.08125 0.06666666666666667
2 0.63984375 0.3802083333333333 0.09531250000000001 0.052083333333333336
2 0.6875 0.4114583333333333 0.096875 0.06875
2 0.0578125 0.43645833333333334 0.10625000000000001 0.08125
2 0.1796875 0.43124999999999997 0.1125 0.058333333333333334
0 0.8500000000000001 0.4239583333333333 0.09062500000000001 0.08541666666666667
0 0.7250000000000001 0.41770833333333335 0.043750000000000004 0.05625
6 0.9304687500000001 0.3927083333333333 0.0734375 0.12291666666666666
2 0.7156250000000001 0.36666666666666664 0.053125000000000006 0.03333333333333333
2 0.76484375 0.37083333333333335 0.0484375 0.041666666666666664
