1 0.259375 0.4456066945606694 0.5 0.2635983263598326
6 0.25 0.5104602510460251 0.065625 0.2133891213389121
6 0.5320312500000001 0.4748953974895397 0.0421875 0.11715481171548116
6 0.56875 0.4717573221757322 0.034375 0.11506276150627615
6 0.5984375000000001 0.46757322175732213 0.028125 0.11924686192468618
6 0.6218750000000001 0.46652719665271963 0.025 0.10460251046025104
6 0.6484375 0.4748953974895397 0.034375 0.11297071129707112
6 0.68125 0.4738493723849372 0.021875000000000002 0.11087866108786609
6 0.7039062500000001 0.46966527196652713 0.026562500000000003 0.10669456066945605
6 0.73359375 0.47698744769874474 0.0390625 0.11715481171548116
6 0.7992187500000001 0.4707112970711297 0.06406250000000001 0.10041841004184099
6 0.8859375 0.4728033472803347 0.034375 0.10041841004184099
