6 0.06145251396648045 0.6708333333333333 0.0558659217877095 0.14583333333333334
6 0.12569832402234637 0.66875 0.0782122905027933 0.125
6 0.2164804469273743 0.6552083333333333 0.06424581005586592 0.07291666666666667
6 0.24441340782122906 0.6989583333333333 0.08100558659217877 0.10625
6 0.2974860335195531 0.6447916666666667 0.06983240223463687 0.06041666666666667
6 0.6131284916201117 0.6958333333333333 0.04748603351955307 0.07083333333333333
6 0.696927374301676 0.7125 0.08659217877094973 0.075
5 0.638268156424581 0.8177083333333334 0.2541899441340782 0.17708333333333334
0 0.3198324022346369 0.8072916666666666 0.24301675977653633 0.14375
0 0.12569832402234637 0.79375 0.19553072625698326 0.12083333333333333
