2 0.11640625 0.66875 0.2078125 0.24583333333333332
4 0.12109375 0.8 0.1015625 0.15
4 0.3640625 0.8739583333333333 0.09375 0.07291666666666667
4 0.296875 0.8520833333333333 0.065625 0.17916666666666667
4 0.290625 0.9541666666666666 0.1125 0.075
4 0.4546875 0.9104166666666667 0.07187500000000001 0.10416666666666667
5 0.25703125 0.7052083333333333 0.09531250000000001 0.13541666666666666
6 0.25625000000000003 0.6645833333333333 0.078125 0.18333333333333332
6 0.3609375 0.6989583333333333 0.05625 0.26875
6 0.5515625000000001 0.7770833333333333 0.2 0.4166666666666667
6 0.7039062500000001 0.7729166666666667 0.1703125 0.4125
