6 0.353125 0.3805620608899297 0.034375 0.11943793911007025
6 0.31093750000000003 0.37470725995316156 0.043750000000000004 0.11241217798594848
6 0.27890625 0.5128805620608899 0.09531250000000001 0.34192037470725994
6 0.421875 0.45901639344262296 0.125 0.2810304449648712
6 0.53515625 0.47540983606557374 0.1078125 0.3325526932084309
6 0.6484375 0.3430913348946136 0.046875 0.1053864168618267
6 0.68359375 0.40046838407494145 0.1265625 0.24824355971896955
6 0.8046875 0.3407494145199063 0.09375 0.13348946135831383
6 0.92109375 0.32669789227166274 0.09531250000000001 0.11475409836065574
6 0.8289062500000001 0.5234192037470726 0.07968750000000001 0.1522248243559719
5 0.64375 0.5292740046838408 0.16562500000000002 0.2857142857142857
5 0.4890625 0.5702576112412178 0.2 0.2927400468384075
5 0.38125000000000003 0.5819672131147541 0.171875 0.2927400468384075
5 0.23828125 0.5573770491803278 0.2015625 0.34192037470725994
6 0.065625 0.42505854800936765 0.046875 0.14285714285714285
2 0.6203125 0.6557377049180327 0.7406250000000001 0.6744730679156908
