6 0.13541666666666666 0.6589052287581699 0.12745098039215685 0.6241830065359477
6 0.19347426470588236 0.4144199346405229 0.07751225490196079 0.19240196078431374
6 0.29534313725490197 0.39746732026143794 0.08823529411764705 0.12745098039215685
6 0.39598651960784315 0.616421568627451 0.09221813725490197 0.5449346405228759
6 0.4443933823529412 0.3874591503267974 0.08915441176470588 0.14419934640522877
6 0.546875 0.6021241830065359 0.08823529411764705 0.48284313725490197
6 0.6467524509803921 0.3984885620915033 0.052083333333333336 0.11478758169934641
6 0.6891850490196079 0.5947712418300654 0.09221813725490197 0.5702614379084967
6 0.7475490196078431 0.6380718954248367 0.10723039215686274 0.6397058823529412
6 0.8147977941176471 0.6497140522875817 0.21231617647058823 0.6597222222222222
6 0.6205575980392157 0.6231617647058824 0.11672794117647059 0.49959150326797386
6 0.3521752450980392 0.6744281045751634 0.1253063725490196 0.5816993464052288
6 0.2607230392156863 0.6723856209150327 0.11029411764705882 0.6200980392156863
