6 0.6291666666666667 0.2601246105919003 0.125 0.24610591900311526
6 0.703125 0.2757009345794392 0.10208333333333333 0.21495327102803738
6 0.8552083333333333 0.2632398753894081 0.15208333333333332 0.4454828660436137
Cup 0.04583333333333333 0.5669781931464174 0.06666666666666667 0.18691588785046728
Cup 0.146875 0.5700934579439252 0.08958333333333333 0.14953271028037382
Cup 0.3489583333333333 0.4797507788161994 0.06041666666666667 0.14953271028037382
Cup 0.7364583333333333 0.5202492211838006 0.06041666666666667 0.14953271028037382
Cup 0.8156249999999999 0.5981308411214953 0.11875 0.11838006230529595
Cup 0.94375 0.7897196261682243 0.1 0.17133956386292834
Table 0.409375 0.29127725856697817 0.31875 0.14641744548286603
Chair 0.2604166666666667 0.3613707165109034 0.125 0.24299065420560748
Chair 0.075 0.3426791277258567 0.09583333333333333 0.205607476635514
Chair 0.15 0.40186915887850466 0.07916666666666666 0.23052959501557632
Chair 0.35104166666666664 0.3582554517133956 0.13125 0.17445482866043613
Chair 0.5770833333333333 0.35358255451713394 0.125 0.1526479750778816
