1 0.1669921875 0.6523994811932555 0.326171875 0.3761348897535668
6 0.3525390625 0.7626459143968871 0.0390625 0.10894941634241245
6 0.39892578125 0.7658884565499351 0.0458984375 0.09987029831387807
6 0.43701171875 0.7613488975356679 0.0400390625 0.10635538261997406
6 0.484375 0.7704280155642023 0.037109375 0.13229571984435798
6 0.71630859375 0.7756160830090791 0.0478515625 0.11154345006485084
6 0.958984375 0.7905317769130998 0.033203125 0.16472114137483787
6 0.97705078125 0.8313878080415045 0.0458984375 0.23865110246433202
6 0.6318359375 0.745136186770428 0.017578125 0.04798962386511024
6 0.609375 0.7438391699092088 0.013671875 0.04798962386511024
6 0.5302734375 0.7405966277561608 0.025390625 0.06485084306095978
2 0.86083984375 0.735408560311284 0.0322265625 0.03372243839169909
2 0.89794921875 0.7263294422827496 0.0439453125 0.03631647211413748
2 0.66796875 0.7380025940337224 0.064453125 0.06485084306095978
