0 0.821875 0.8584905660377358 0.17500000000000002 0.20283018867924527
6 0.11796875000000001 0.660377358490566 0.0546875 0.14622641509433962
6 0.049218750000000006 0.6521226415094339 0.045312500000000006 0.19575471698113206
6 0.27187500000000003 0.6049528301886792 0.03125 0.09198113207547169
6 0.3140625 0.6025943396226415 0.040625 0.1061320754716981
6 0.34687500000000004 0.5966981132075472 0.034375 0.12264150943396226
6 0.375 0.5966981132075472 0.037500000000000006 0.1179245283018868
6 0.42421875000000003 0.6214622641509434 0.029687500000000002 0.1580188679245283
6 0.4703125 0.6886792452830188 0.046875 0.1981132075471698
6 0.5085937500000001 0.5766509433962264 0.035937500000000004 0.09669811320754716
6 0.5476562500000001 0.6014150943396226 0.0328125 0.12735849056603774
6 0.5140625 0.6898584905660378 0.037500000000000006 0.18632075471698112
6 0.56171875 0.6898584905660378 0.0390625 0.18160377358490565
6 0.5945312500000001 0.5601415094339622 0.0421875 0.09198113207547169
6 0.4625 0.5389150943396226 0.037500000000000006 0.08726415094339622
6 0.39921875 0.5341981132075472 0.035937500000000004 0.09669811320754716
6 0.23046875 0.5271226415094339 0.0328125 0.08726415094339622
6 0.30781250000000004 0.5318396226415094 0.0625 0.09198113207547169
6 0.6140625000000001 0.6273584905660378 0.037500000000000006 0.13679245283018868
6 0.65 0.5825471698113207 0.034375 0.08018867924528301
6 0.66171875 0.6780660377358491 0.0484375 0.15330188679245282
6 0.70859375 0.6214622641509434 0.0390625 0.14386792452830188
6 0.7507812500000001 0.580188679245283 0.0234375 0.12264150943396226
6 0.7679687500000001 0.6120283018867925 0.0328125 0.14858490566037735
6 0.8015625000000001 0.6073113207547169 0.037500000000000006 0.14858490566037735
6 0.8359375 0.6037735849056604 0.03125 0.12735849056603774
6 0.8835937500000001 0.7016509433962264 0.045312500000000006 0.18632075471698112
6 0.9554687500000001 0.7146226415094339 0.0484375 0.1981132075471698
6 0.9343750000000001 0.6261792452830188 0.053125000000000006 0.15330188679245282
6 0.7312500000000001 0.7122641509433962 0.059375000000000004 0.21698113207547168
6 0.8132812500000001 0.8254716981132075 0.0546875 0.27358490566037735
6 0.625 0.7806603773584906 0.046875 0.19339622641509432
6 0.3984375 0.8042452830188679 0.084375 0.25943396226415094
6 0.328125 0.8608490566037735 0.10312500000000001 0.25471698113207547
