0 0.40546875000000004 0.7377049180327869 0.0859375 0.20140515222482436
0 0.521875 0.8091334894613583 0.10625000000000001 0.3114754098360656
0 0.8617187500000001 0.810304449648712 0.20468750000000002 0.3091334894613583
2 0.31640625 0.617096018735363 0.051562500000000004 0.0585480093676815
6 0.41328125000000004 0.6662763466042154 0.0765625 0.27400468384074944
6 0.52578125 0.7096018735362998 0.1453125 0.4309133489461358
6 0.86484375 0.6779859484777517 0.1453125 0.4519906323185012
6 0.1484375 0.6545667447306791 0.053125000000000006 0.1756440281030445
6 0.10859375 0.7049180327868853 0.0765625 0.39344262295081966
6 0.0734375 0.7142857142857143 0.134375 0.5152224824355972
6 0.215625 0.7224824355971897 0.134375 0.3957845433255269
1 0.5359375000000001 0.5761124121779859 0.40625 0.34660421545667447
