6 0.52265625 0.48194444444444445 0.0578125 0.16944444444444445
6 0.67890625 0.47222222222222227 0.0671875 0.16111111111111112
6 0.82578125 0.5 0.0890625 0.17777777777777778
6 0.8992187500000001 0.5263888888888889 0.060937500000000006 0.1638888888888889
6 0.6335937500000001 0.25277777777777777 0.06406250000000001 0.16666666666666669
6 0.70078125 0.30694444444444446 0.060937500000000006 0.23611111111111113
6 0.7828125 0.3055555555555556 0.065625 0.26666666666666666
6 0.33359375 0.43472222222222223 0.051562500000000004 0.275
6 0.22578125000000002 0.43472222222222223 0.0578125 0.14166666666666666
6 0.08359375000000001 0.3541666666666667 0.1171875 0.14166666666666666
6 0.07187500000000001 0.6361111111111112 0.10625000000000001 0.2611111111111111
6 0.10546875 0.5444444444444445 0.1078125 0.24444444444444446
6 0.96796875 0.5236111111111111 0.0546875 0.19166666666666668
6 0.9632812500000001 0.3666666666666667 0.0578125 0.2
