1 0.44843750000000004 0.5186915887850467 0.19062500000000002 0.12149532710280372
1 0.859375 0.5198598130841121 0.26875 0.15654205607476634
2 0.6375000000000001 0.5607476635514018 0.15000000000000002 0.11214953271028036
2 0.90390625 0.5806074766355139 0.1796875 0.10046728971962617
2 0.24453125 0.5257009345794392 0.051562500000000004 0.05607476635514018
6 0.12187500000000001 0.5700934579439252 0.040625 0.11214953271028036
6 0.06015625 0.5654205607476636 0.0765625 0.12149532710280372
6 0.178125 0.6448598130841121 0.07187500000000001 0.24299065420560745
6 0.26406250000000003 0.586448598130841 0.046875 0.14018691588785046
6 0.31640625 0.6004672897196262 0.0328125 0.1308411214953271
6 0.3515625 0.5911214953271028 0.03125 0.11682242990654204
6 0.42109375000000004 0.6109813084112149 0.045312500000000006 0.15654205607476634
6 0.48515625 0.647196261682243 0.0671875 0.20093457943925233
6 0.56484375 0.6238317757009345 0.0546875 0.1822429906542056
6 0.6273437500000001 0.6401869158878504 0.045312500000000006 0.23364485981308408
6 0.66953125 0.6460280373831775 0.0484375 0.1985981308411215
6 0.76875 0.7219626168224299 0.109375 0.3130841121495327
6 0.5375 0.7149532710280373 0.09062500000000001 0.21962616822429906
6 0.04453125 0.6495327102803737 0.0703125 0.2570093457943925
