6 0.15625 0.7423529411764705 0.07187500000000001 0.24235294117647058
6 0.27734375 0.7823529411764705 0.060937500000000006 0.2611764705882353
6 0.31953125000000004 0.776470588235294 0.060937500000000006 0.22117647058823528
6 0.36250000000000004 0.7388235294117647 0.059375000000000004 0.22117647058823528
6 0.42578125 0.7541176470588234 0.0578125 0.1764705882352941
6 0.49921875000000004 0.7999999999999999 0.06406250000000001 0.28705882352941176
6 0.60703125 0.8094117647058823 0.1015625 0.3764705882352941
6 0.69296875 0.8247058823529411 0.11093750000000001 0.3364705882352941
6 0.76484375 0.7258823529411764 0.0890625 0.12
6 0.83359375 0.7435294117647058 0.060937500000000006 0.17411764705882352
6 0.8757812500000001 0.7976470588235294 0.0859375 0.18352941176470586
