1 0.63046875 0.397887323943662 0.32343750000000004 0.3873239436619718
1 0.8656250000000001 0.3943661971830986 0.16562500000000002 0.20657276995305165
2 0.7671875 0.5387323943661972 0.146875 0.1619718309859155
2 0.84921875 0.5234741784037559 0.0671875 0.12206572769953052
2 0.953125 0.5246478873239436 0.078125 0.11971830985915494
6 0.9015625 0.5821596244131455 0.07500000000000001 0.27230046948356806
6 0.67734375 0.5633802816901409 0.0671875 0.2112676056338028
6 0.62421875 0.5375586854460094 0.051562500000000004 0.215962441314554
6 0.584375 0.5375586854460094 0.05 0.20187793427230047
6 0.55390625 0.5352112676056339 0.0484375 0.1643192488262911
6 0.50703125 0.5234741784037559 0.0546875 0.16901408450704225
6 0.46484375 0.5539906103286385 0.045312500000000006 0.1971830985915493
6 0.41953125 0.528169014084507 0.045312500000000006 0.1971830985915493
6 0.37421875000000004 0.5211267605633803 0.06406250000000001 0.22535211267605634
6 0.3484375 0.5492957746478874 0.05625 0.22535211267605634
6 0.30234375 0.5258215962441315 0.051562500000000004 0.18309859154929578
6 0.25234375000000003 0.5199530516431925 0.0546875 0.2323943661971831
6 0.18359375 0.5269953051643192 0.06406250000000001 0.19483568075117372
6 0.140625 0.5023474178403756 0.05625 0.1971830985915493
6 0.09921875000000001 0.49765258215962443 0.045312500000000006 0.1971830985915493
6 0.06406250000000001 0.47417840375586856 0.037500000000000006 0.1784037558685446
6 0.01640625 0.47300469483568075 0.026562500000000003 0.17605633802816903
