0 0.5337423312883436 0.6273006134969326 0.1226993865030675 0.3159509202453988
0 0.28118609406952966 0.7684049079754601 0.19427402862985688 0.46319018404907975
0 0.7116564417177915 0.7898773006134969 0.2044989775051125 0.42024539877300615
0 0.20858895705521474 0.593558282208589 0.12678936605316973 0.2607361963190184
0 0.3977505112474438 0.5506134969325154 0.06748466257668713 0.18711656441717792
2 0.1032719836400818 0.5245398773006135 0.19427402862985688 0.2822085889570552
2 0.8486707566462168 0.5920245398773006 0.29856850715746425 0.43558282208588955
2 0.6032719836400818 0.48619631901840493 0.06952965235173825 0.15030674846625766
6 0.3732106339468303 0.4049079754601227 0.03885480572597137 0.08588957055214724
6 0.4028629856850716 0.504601226993865 0.05316973415132925 0.2116564417177914
6 0.2065439672801636 0.43711656441717794 0.1226993865030675 0.2361963190184049
6 0.3016359918200409 0.553680981595092 0.17791411042944788 0.5184049079754601
6 0.5245398773006136 0.504601226993865 0.11656441717791412 0.3773006134969325
6 0.7055214723926381 0.5598159509202454 0.17586912065439675 0.5306748466257669
