0 0.3484375 0.5689252336448598 0.215625 0.20794392523364486
0 0.22812500000000002 0.8212616822429906 0.41250000000000003 0.3434579439252336
0 0.81171875 0.6109813084112149 0.1859375 0.22663551401869156
0 0.578125 0.36799065420560745 0.184375 0.16121495327102803
2 0.41875 0.4964953271028037 0.26875 0.2827102803738318
2 0.7093750000000001 0.5268691588785046 0.203125 0.26869158878504673
6 0.08125 0.397196261682243 0.078125 0.14018691588785046
6 0.13828125 0.4123831775700934 0.0734375 0.12383177570093457
6 0.26406250000000003 0.4147196261682243 0.078125 0.17990654205607476
6 0.34296875000000004 0.47079439252336447 0.11093750000000001 0.24999999999999997
6 0.1953125 0.6542056074766355 0.240625 0.6355140186915887
6 0.5593750000000001 0.5116822429906541 0.08125 0.34579439252336447
6 0.8445312500000001 0.544392523364486 0.11093750000000001 0.44859813084112143
2 0.90546875 0.43457943925233644 0.06406250000000001 0.08878504672897196
1 0.91015625 0.37383177570093457 0.0859375 0.08411214953271028
