0 0.56015625 0.6895833333333333 0.6328125 0.6
6 0.16796875 0.3375 0.060937500000000006 0.1375
6 0.30546875 0.29375 0.0671875 0.07916666666666666
6 0.41250000000000003 0.2833333333333333 0.037500000000000006 0.06666666666666667
6 0.3671875 0.290625 0.040625 0.06875
6 0.5109375 0.271875 0.025 0.04791666666666666
6 0.48750000000000004 0.28854166666666664 0.03125 0.10208333333333333
6 0.62421875 0.27708333333333335 0.0328125 0.075
6 0.7796875000000001 0.2520833333333333 0.03125 0.058333333333333334
0 0.21875 0.609375 0.36562500000000003 0.46041666666666664
0 0.39687500000000003 0.36875 0.353125 0.175
0 0.6359375 0.546875 0.5437500000000001 0.5729166666666666
