0 0.6583333333333333 0.82375 0.66 0.34750000000000003
4 0.27416666666666667 0.64375 0.095 0.10250000000000001
6 0.2516666666666667 0.56625 0.09666666666666668 0.165
6 0.39916666666666667 0.4975 0.028333333333333335 0.065
6 0.6008333333333333 0.49562500000000004 0.04833333333333334 0.08375
6 0.7391666666666667 0.48625 0.04166666666666667 0.0625
6 0.9558333333333334 0.511875 0.07833333333333334 0.12125
6 0.5525 0.485 0.035 0.05
2 0.1675 0.495 0.08166666666666667 0.0525
2 0.07583333333333334 0.50875 0.14166666666666666 0.065
2 0.25583333333333336 0.49375 0.12833333333333335 0.0775
2 0.33166666666666667 0.4825 0.05 0.04
2 0.43750000000000006 0.491875 0.06166666666666667 0.043750000000000004
