6 0.15000000000000002 0.4836448598130841 0.05625 0.11214953271028036
6 0.09843750000000001 0.6004672897196262 0.059375000000000004 0.23364485981308408
6 0.046875 0.594626168224299 0.059375000000000004 0.24999999999999997
6 0.35546875 0.6016355140186915 0.09843750000000001 0.3200934579439252
6 0.496875 0.5876168224299065 0.07500000000000001 0.366822429906542
6 0.6171875 0.4964953271028037 0.05625 0.1658878504672897
6 0.65625 0.6039719626168224 0.1 0.3387850467289719
6 0.7703125000000001 0.491822429906542 0.05625 0.10981308411214953
6 0.81953125 0.5198598130841121 0.0578125 0.1985981308411215
6 0.8718750000000001 0.491822429906542 0.046875 0.11915887850467288
5 0.32265625000000003 0.6063084112149533 0.2328125 0.33411214953271023
5 0.48515625 0.6436915887850467 0.1921875 0.2546728971962617
5 0.66171875 0.6577102803738317 0.2609375 0.2780373831775701
5 0.8132812500000001 0.6366822429906541 0.19843750000000002 0.25934579439252337
