0 0.584375 0.9139150943396226 0.065625 0.16745283018867924
0 0.70625 0.9115566037735848 0.1 0.16745283018867924
0 0.3953125 0.7959905660377358 0.040625 0.09669811320754716
0 0.46875 0.7959905660377358 0.043750000000000004 0.11084905660377357
0 0.52734375 0.8195754716981132 0.0484375 0.12971698113207547
0 0.7781250000000001 0.8396226415094339 0.07500000000000001 0.12264150943396226
0 0.6140625000000001 0.7665094339622641 0.034375 0.08962264150943396
0 0.6492187500000001 0.7511792452830188 0.035937500000000004 0.06367924528301887
6 0.7046875 0.8125 0.065625 0.24764150943396226
6 0.6820312500000001 0.7429245283018867 0.035937500000000004 0.0990566037735849
6 0.64609375 0.7158018867924528 0.0234375 0.07311320754716981
6 0.77109375 0.7511792452830188 0.07968750000000001 0.12971698113207547
6 0.8304687500000001 0.8714622641509434 0.1203125 0.23820754716981132
6 0.8757812500000001 0.7759433962264151 0.0765625 0.12264150943396226
6 0.95625 0.8408018867924528 0.08125 0.29481132075471694
6 0.8851562500000001 0.7205188679245282 0.0578125 0.07783018867924528
6 0.5140625 0.7087264150943396 0.1625 0.07783018867924528
