1 0.215625 0.5899532710280373 0.421875 0.6705607476635513
0 0.8992187500000001 0.6880841121495327 0.060937500000000006 0.15186915887850466
0 0.95625 0.8049065420560747 0.08125 0.3200934579439252
2 0.45156250000000003 0.5502336448598131 0.084375 0.10046728971962617
2 0.48984375 0.5771028037383177 0.09843750000000001 0.11682242990654204
2 0.54453125 0.6074766355140186 0.1015625 0.12149532710280372
2 0.58515625 0.5478971962616822 0.0671875 0.10046728971962617
2 0.8054687500000001 0.5408878504672897 0.0484375 0.07710280373831775
2 0.60078125 0.7908878504672897 0.31093750000000003 0.38084112149532706
6 0.11484375000000001 0.5163551401869159 0.051562500000000004 0.08878504672897196
6 0.25234375000000003 0.5490654205607476 0.0484375 0.11214953271028036
