6 0.738 0.4924924924924925 0.112 0.2882882882882883
6 0.755 0.5165165165165165 0.17400000000000002 0.3483483483483483
6 0.616 0.15615615615615616 0.052000000000000005 0.09009009009009009
Chair 0.617 0.2927927927927928 0.054 0.16516516516516516
6 0.671 0.27177177177177175 0.11800000000000001 0.3813813813813814
6 0.809 0.27627627627627627 0.14200000000000002 0.4084084084084084
6 0.916 0.46846846846846846 0.164 0.48648648648648646
6 0.47500000000000003 0.3123123123123123 0.154 0.6126126126126126
6 0.31 0.3663663663663664 0.16 0.6066066066066066
6 0.062 0.26426426426426425 0.108 0.5045045045045045
6 0.19 0.7297297297297297 0.356 0.5165165165165165
6 0.558 0.1891891891891892 0.06 0.23423423423423423
