0 0.55125 0.38758231420508 0.11125 0.14863593603010347
6 0.41500000000000004 0.30620884289746003 0.03 0.1627469426152399
6 0.2475 0.2666980244590781 0.03625 0.06114769520225776
6 0.48562500000000003 0.3085606773283161 0.055 0.17121354656632173
6 0.5375 0.3377234242709313 0.0475 0.20319849482596425
6 0.5775 0.3358419567262465 0.0475 0.19002822201317027
6 0.6634375 0.3189087488240828 0.044375 0.2013170272812794
6 0.8771875 0.2850423330197554 0.039375 0.12417685794920039
6 0.9646875 0.26904985888993416 0.038125 0.08466603951081844
2 0.215 0.43132643461900283 0.3525 0.3527751646284102
2 0.7959375 0.6359360301034808 0.405625 0.6472248353715898
