1 0.5782178217821782 0.6390532544378698 0.16633663366336635 0.3905325443786982
1 0.5306930693069307 0.33875739644970415 0.05148514851485149 0.10355029585798817
5 0.8247524752475247 0.8210059171597633 0.053465346534653464 0.10355029585798817
5 0.903960396039604 0.8431952662721893 0.06534653465346535 0.1242603550295858
5 0.8742574257425743 0.7100591715976331 0.03762376237623762 0.08284023668639053
5 0.9237623762376238 0.7263313609467456 0.033663366336633666 0.07988165680473372
5 0.9742574257425742 0.779585798816568 0.039603960396039604 0.08579881656804733
5 0.902970297029703 0.6390532544378698 0.03564356435643565 0.07100591715976332
5 0.9356435643564357 0.6420118343195266 0.033663366336633666 0.05917159763313609
5 0.9683168316831683 0.6612426035502958 0.031683168316831684 0.038461538461538464
6 0.8227722772277228 0.7943786982248521 0.041584158415841586 0.12130177514792899
6 0.901980198019802 0.8210059171597633 0.03762376237623762 0.1390532544378698
6 0.9752475247524752 0.7263313609467456 0.04554455445544554 0.08579881656804733
6 0.9603960396039604 0.6331360946745562 0.03564356435643565 0.07100591715976332
6 0.9257425742574258 0.6878698224852071 0.033663366336633666 0.07988165680473372
6 0.8722772277227723 0.6745562130177515 0.025742574257425745 0.07692307692307693
6 0.9247524752475248 0.6079881656804733 0.027722772277227723 0.06804733727810651
6 0.898019801980198 0.6094674556213018 0.025742574257425745 0.07692307692307693
6 0.7544554455445545 0.3979289940828402 0.031683168316831684 0.05029585798816568
2 0.7069306930693069 0.7115384615384616 0.11485148514851486 0.15680473372781065
2 0.7831683168316832 0.6819526627218935 0.12079207920792079 0.15680473372781065
2 0.8554455445544554 0.643491124260355 0.11485148514851486 0.1272189349112426
2 0.7762376237623763 0.5502958579881657 0.09108910891089109 0.10059171597633136
2 0.6564356435643565 0.5976331360946745 0.06930693069306931 0.10650887573964497
2 0.7069306930693069 0.5680473372781065 0.07920792079207921 0.11242603550295857
2 0.6227722772277228 0.5162721893491125 0.04950495049504951 0.06804733727810651
2 0.6613861386138614 0.5 0.06732673267326733 0.08875739644970414
2 0.7118811881188118 0.48668639053254437 0.07326732673267326 0.07396449704142012
2 0.6594059405940594 0.43934911242603547 0.039603960396039604 0.056213017751479286
2 0.6217821782178218 0.4541420118343195 0.06336633663366337 0.07396449704142012
2 0.7267326732673267 0.43047337278106507 0.0712871287128713 0.0621301775147929
2 0.8 0.4467455621301775 0.07920792079207921 0.05325443786982249
2 0.8495049504950495 0.48372781065088755 0.09900990099009901 0.06804733727810651
2 0.8544554455445544 0.4467455621301775 0.08118811881188119 0.047337278106508875
2 0.9237623762376238 0.48668639053254437 0.10495049504950495 0.06804733727810651
2 0.5386138613861386 0.41124260355029585 0.19405940594059407 0.11242603550295857
2 0.4900990099009901 0.3343195266272189 0.05742574257425743 0.1242603550295858
2 0.3405940594059406 0.5310650887573964 0.1504950495049505 0.10355029585798817
2 0.08811881188118811 0.45710059171597633 0.12079207920792079 0.08579881656804733
2 0.2306930693069307 0.4541420118343195 0.04554455445544554 0.09171597633136094
2 0.3237623762376238 0.371301775147929 0.05742574257425743 0.056213017751479286
