0 0.5586854460093896 0.8116666666666668 0.09702660406885759 0.19666666666666668
0 0.7112676056338029 0.8600000000000001 0.20187793427230047 0.26666666666666666
6 0.4561815336463224 0.32333333333333336 0.0297339593114241 0.07333333333333333
6 0.5086071987480438 0.33166666666666667 0.06572769953051644 0.16333333333333333
6 0.5837245696400626 0.27166666666666667 0.03442879499217527 0.10333333333333335
6 0.36306729264475746 0.37833333333333335 0.08450704225352113 0.16333333333333333
6 0.46635367762128327 0.42500000000000004 0.04068857589984351 0.10333333333333335
6 0.4287949921752739 0.4516666666666667 0.028169014084507043 0.09666666666666668
6 0.37715179968701096 0.4416666666666667 0.07511737089201878 0.1366666666666667
6 0.7198748043818467 0.7216666666666667 0.06259780907668232 0.26333333333333336
6 0.8630672926447575 0.7533333333333334 0.07981220657276995 0.3466666666666667
6 0.6807511737089202 0.7866666666666667 0.08763693270735524 0.3666666666666667
