6 0.303 0.4053333333333333 0.078 0.25066666666666665
6 0.357 0.4026666666666667 0.078 0.176
6 0.539 0.352 0.314 0.4053333333333333
6 0.655 0.41733333333333333 0.114 0.24266666666666667
6 0.86 0.372 0.07200000000000001 0.18933333333333333
6 0.053 0.48266666666666663 0.09 0.3466666666666667
6 0.156 0.648 0.22 0.39999999999999997
6 0.383 0.5866666666666667 0.222 0.288
6 0.597 0.5733333333333334 0.258 0.352
6 0.788 0.6853333333333333 0.20800000000000002 0.5493333333333333
Cup 0.519 0.5266666666666666 0.046 0.088
Cup 0.671 0.7919999999999999 0.05 0.112
Cup 0.594 0.8293333333333333 0.06 0.096
Cup 0.47400000000000003 0.8906666666666666 0.064 0.12266666666666666
Cup 0.293 0.8413333333333333 0.058 0.09866666666666667
Cup 0.211 0.7933333333333333 0.054 0.08266666666666667
Cup 0.234 0.74 0.044 0.09866666666666667
Bottle 0.373 0.6706666666666666 0.046 0.10933333333333332
Bottle 0.41500000000000004 0.7053333333333333 0.038 0.12533333333333332
Bottle 0.977 0.5853333333333333 0.038 0.10933333333333332
Cup 0.916 0.592 0.028 0.07466666666666666
Chair 0.192 0.48933333333333334 0.07200000000000001 0.17866666666666667
Table 0.423 0.836 0.646 0.2853333333333333
