1 0.21015625000000002 0.608167770419426 0.3484375 0.45253863134657835
1 0.4375 0.31236203090507725 0.13125 0.16556291390728478
6 0.60546875 0.9050772626931567 0.0578125 0.10596026490066225
6 0.8109375000000001 0.5938189845474614 0.028125 0.07947019867549669
6 0.8765625 0.2913907284768212 0.028125 0.04856512141280353
5 0.875 0.32450331125827814 0.028125 0.04856512141280353
5 0.60078125 0.9558498896247241 0.0765625 0.07947019867549669
2 0.36562500000000003 0.39183222958057395 0.08125 0.09050772626931568
2 0.0578125 0.8686534216335541 0.10312500000000001 0.23178807947019867
2 0.23203125000000002 0.869757174392936 0.2015625 0.20750551876379691
2 0.36796875 0.7284768211920529 0.1609375 0.23399558498896247
2 0.4234375 0.6015452538631346 0.125 0.1390728476821192
2 0.42578125 0.46799116997792495 0.0859375 0.11037527593818984
2 0.4609375 0.4094922737306843 0.08750000000000001 0.10816777041942605
2 0.49609375 0.5375275938189845 0.1203125 0.16556291390728478
2 0.51796875 0.3576158940397351 0.0765625 0.10154525386313466
2 0.52578125 0.28807947019867547 0.06406250000000001 0.0684326710816777
2 0.56796875 0.32450331125827814 0.06406250000000001 0.10154525386313466
2 0.59921875 0.2814569536423841 0.0578125 0.08609271523178808
1 0.54609375 0.22185430463576158 0.08281250000000001 0.11258278145695365
2 0.66015625 0.2229580573951435 0.08281250000000001 0.10154525386313466
2 0.5625 0.4216335540838852 0.09375 0.07947019867549669
2 0.6023437500000001 0.37858719646799116 0.0921875 0.11258278145695365
2 0.64453125 0.31788079470198677 0.0703125 0.11920529801324503
2 0.509375 0.8167770419426048 0.1625 0.20750551876379691
2 0.5921875 0.7030905077262694 0.146875 0.18763796909492272
2 0.5953125 0.608167770419426 0.12187500000000001 0.1434878587196468
2 0.6296875000000001 0.5165562913907285 0.13125 0.1545253863134658
2 0.6984375 0.38852097130242824 0.09375 0.1545253863134658
2 0.7421875 0.2980132450331126 0.059375000000000004 0.1280353200883002
2 0.74140625 0.804635761589404 0.1484375 0.2141280353200883
2 0.75703125 0.6754966887417219 0.11406250000000001 0.13245033112582782
2 0.7640625000000001 0.5695364238410596 0.08750000000000001 0.09271523178807947
2 0.8070312500000001 0.4271523178807947 0.08281250000000001 0.09050772626931568
2 0.8 0.3708609271523179 0.078125 0.11037527593818984
2 0.8203125 0.30022075055187636 0.07187500000000001 0.11920529801324503
2 0.78828125 0.1986754966887417 0.16718750000000002 0.08830022075055188
