6 0.045000000000000005 0.5669191919191919 0.04 0.09343434343434344
6 0.08083333333333334 0.5631313131313131 0.05166666666666667 0.10101010101010102
6 0.4066666666666667 0.5782828282828283 0.05 0.11111111111111112
5 0.8791666666666668 0.6704545454545455 0.18500000000000003 0.21464646464646467
5 0.8158333333333334 0.7095959595959597 0.10166666666666667 0.2777777777777778
5 0.7175 0.7032828282828283 0.09833333333333334 0.23484848484848486
5 0.6175 0.7184343434343435 0.10166666666666667 0.20454545454545456
5 0.5666666666666667 0.6931818181818182 0.10666666666666667 0.20454545454545456
5 0.39333333333333337 0.6717171717171718 0.12000000000000001 0.20202020202020204
5 0.31 0.6452020202020202 0.13 0.23484848484848486
5 0.24166666666666667 0.6426767676767677 0.10333333333333335 0.23989898989898992
5 0.17750000000000002 0.6616161616161617 0.11833333333333335 0.21212121212121213
