6 0.08125 0.4305882352941176 0.053125000000000006 0.10352941176470587
6 0.06328125 0.5058823529411764 0.1015625 0.1552941176470588
6 0.16953125000000002 0.45764705882352935 0.0921875 0.10588235294117646
6 0.20546875 0.42117647058823526 0.0421875 0.07999999999999999
6 0.35468750000000004 0.47764705882352937 0.043750000000000004 0.1788235294117647
6 0.390625 0.48470588235294115 0.043750000000000004 0.18352941176470586
6 0.634375 0.45999999999999996 0.040625 0.1388235294117647
6 0.5945312500000001 0.40823529411764703 0.035937500000000004 0.06352941176470588
6 0.55390625 0.4529411764705882 0.0421875 0.12941176470588234
6 0.78125 0.4329411764705882 0.034375 0.0988235294117647
6 0.8289062500000001 0.4917647058823529 0.0328125 0.18823529411764706
6 0.9203125000000001 0.4329411764705882 0.046875 0.06588235294117646
6 0.47187500000000004 0.5835294117647059 0.153125 0.28705882352941176
6 0.22734375 0.7 0.26406250000000003 0.5811764705882353
6 0.58515625 0.7094117647058823 0.2484375 0.5623529411764705
6 0.74765625 0.5294117647058824 0.1171875 0.2729411764705882
5 0.7375 0.5788235294117646 0.09375 0.23058823529411762
5 0.48515625 0.6388235294117647 0.1203125 0.28470588235294114
5 0.603125 0.7870588235294117 0.22812500000000002 0.40705882352941175
5 0.20234375000000002 0.7541176470588234 0.35468750000000004 0.43999999999999995
5 0.9070312500000001 0.5788235294117646 0.1765625 0.2729411764705882
