6 0.03671875 0.48484848484848486 0.045312500000000006 0.08391608391608392
6 0.12812500000000002 0.6072261072261073 0.125 0.4965034965034965
6 0.29453125 0.486013986013986 0.0859375 0.1048951048951049
6 0.26328125 0.6247086247086248 0.18281250000000002 0.5641025641025641
6 0.390625 0.49184149184149184 0.043750000000000004 0.15384615384615385
6 0.4296875 0.49067599067599066 0.053125000000000006 0.13286713286713286
6 0.49453125000000003 0.527972027972028 0.08281250000000001 0.24475524475524477
6 0.54140625 0.49417249417249415 0.0890625 0.14918414918414918
5 0.28125 0.7296037296037297 0.521875 0.4755244755244755
5 0.55703125 0.5932400932400932 0.2078125 0.17482517482517482
