0 0.1272222222222222 0.674457429048414 0.2411111111111111 0.2337228714524207
0 0.8366666666666667 0.6585976627712855 0.23777777777777778 0.25208681135225375
0 0.3433333333333333 0.47913188647746247 0.05333333333333333 0.04674457429048414
2 0.09555555555555556 0.4607679465776294 0.06444444444444444 0.06010016694490818
2 0.14666666666666667 0.47746243739565947 0.06888888888888889 0.08681135225375626
2 0.5066666666666667 0.4716193656093489 0.14666666666666667 0.07846410684474124
2 0.7477777777777778 0.4707846410684474 0.17333333333333334 0.1001669449081803
2 0.8394444444444444 0.44490818030050083 0.13 0.07512520868113523
2 0.9388888888888889 0.4499165275459099 0.11333333333333333 0.08514190317195326
2 0.9294444444444444 0.5075125208681135 0.13666666666666666 0.12020033388981637
6 0.2972222222222222 0.4524207011686144 0.03666666666666667 0.08013355592654424
6 0.3338888888888889 0.44073455759599334 0.021111111111111112 0.06343906510851419
6 0.6083333333333333 0.44574290484140233 0.01888888888888889 0.07345575959933222
6 0.5 0.6268781302170284 0.10666666666666666 0.21202003338898165
