6 0.6218750000000001 0.825 0.025 0.06666666666666667
6 0.6039062500000001 0.8489583333333334 0.029687500000000002 0.08958333333333333
6 0.5484375 0.8364583333333333 0.028125 0.06875
6 0.56953125 0.8270833333333333 0.026562500000000003 0.08333333333333333
6 0.4421875 0.8552083333333333 0.037500000000000006 0.08541666666666667
6 0.41718750000000004 0.8729166666666667 0.05625 0.1125
6 0.27734375 0.8875 0.0578125 0.12083333333333333
6 0.1625 0.8802083333333334 0.046875 0.13541666666666666
6 0.047656250000000004 0.871875 0.0546875 0.13541666666666666
5 0.06640625 0.9020833333333333 0.11406250000000001 0.0875
5 0.16953125000000002 0.903125 0.13593750000000002 0.08958333333333333
5 0.2984375 0.9020833333333333 0.140625 0.09166666666666666
5 0.43593750000000003 0.903125 0.12812500000000002 0.08125
6 0.5015625 0.8739583333333333 0.034375 0.13125
5 0.50625 0.8916666666666666 0.1125 0.09166666666666666
2 0.29921875000000003 0.8791666666666667 0.22031250000000002 0.10833333333333334
2 0.83515625 0.828125 0.1015625 0.08958333333333333
