1 0.46718750000000003 0.45550351288056207 0.5125000000000001 0.7330210772833724
1 0.14296875 0.44730679156908665 0.2015625 0.4496487119437939
6 0.50703125 0.22482435597189696 0.060937500000000006 0.117096018735363
6 0.5875 0.2611241217798595 0.046875 0.06791569086651054
6 0.6265625 0.25644028103044497 0.05 0.07728337236533958
6 0.5007812500000001 0.5046838407494145 0.0703125 0.09601873536299765
6 0.5875 0.5140515222482436 0.040625 0.12412177985948478
6 0.62109375 0.5269320843091335 0.0484375 0.13114754098360656
6 0.7289062500000001 0.594847775175644 0.060937500000000006 0.2857142857142857
6 0.81796875 0.6206088992974239 0.060937500000000006 0.2810304449648712
6 0.8625 0.6276346604215457 0.046875 0.2810304449648712
