6 0.21015625000000002 0.5774647887323944 0.0765625 0.27699530516431925
6 0.078125 0.6455399061032864 0.1 0.539906103286385
6 0.3328125 0.568075117370892 0.1375 0.45539906103286387
6 0.5203125000000001 0.5492957746478874 0.08750000000000001 0.28169014084507044
6 0.48359375000000004 0.5363849765258216 0.0484375 0.18544600938967137
6 0.628125 0.5645539906103286 0.10625000000000001 0.4107981220657277
6 0.7367187500000001 0.6302816901408451 0.1046875 0.42018779342723006
6 0.80234375 0.5539906103286385 0.1015625 0.4272300469483568
6 0.86875 0.5598591549295775 0.08750000000000001 0.2652582159624413
6 0.9460937500000001 0.471830985915493 0.0578125 0.1596244131455399
