2 0.10078125 0.16314553990610328 0.1796875 0.13380281690140847
2 0.33437500000000003 0.12089201877934272 0.13125 0.09624413145539906
2 0.43671875000000004 0.11150234741784038 0.08281250000000001 0.07746478873239437
2 0.5 0.13497652582159625 0.1125 0.13380281690140847
6 0.2578125 0.49413145539906106 0.203125 0.7206572769953051
6 0.5789062500000001 0.3732394366197183 0.2078125 0.6056338028169014
6 0.7054687500000001 0.11502347417840376 0.08281250000000001 0.10328638497652583
6 0.81171875 0.05985915492957747 0.0421875 0.07276995305164319
6 0.98359375 0.06103286384976526 0.029687500000000002 0.051643192488262914
2 0.8015625000000001 0.24413145539906103 0.390625 0.3098591549295775
5 0.7078125000000001 0.46009389671361506 0.5625 0.7042253521126761
5 0.35390625000000003 0.5833333333333334 0.6640625 0.8145539906103286
