1 0.23300970873786406 0.6291291291291291 0.12815533980582525 0.2072072072072072
1 0.3631067961165048 0.536036036036036 0.1087378640776699 0.17117117117117117
1 0.474757281553398 0.7747747747747747 0.19611650485436893 0.3963963963963964
1 0.6815533980582524 0.5645645645645646 0.0970873786407767 0.18018018018018017
1 0.5854368932038835 0.5375375375375375 0.07572815533980583 0.13813813813813813
1 0.612621359223301 0.5075075075075075 0.06407766990291262 0.13213213213213212
1 0.43592233009708736 0.484984984984985 0.08349514563106795 0.14714714714714713
1 0.533009708737864 0.40540540540540543 0.13398058252427184 0.13213213213213212
2 0.8087378640776699 0.6441441441441441 0.1145631067961165 0.08708708708708708
2 0.6495145631067961 0.42042042042042044 0.02524271844660194 0.04204204204204204
2 0.6699029126213591 0.46996996996997 0.04660194174757282 0.04504504504504504
6 0.9378640776699029 0.8843843843843844 0.1087378640776699 0.2072072072072072
6 0.9446601941747572 0.7432432432432432 0.029126213592233007 0.0990990990990991
6 0.9825242718446602 0.7222222222222222 0.031067961165048542 0.09309309309309309
6 0.14466019417475728 0.6411411411411412 0.06407766990291262 0.1111111111111111
