0 0.15234375 0.7646370023419203 0.1765625 0.14285714285714285
6 0.0203125 0.6405152224824356 0.028125 0.09601873536299765
6 0.0578125 0.6288056206088993 0.037500000000000006 0.09133489461358314
6 0.11484375000000001 0.607728337236534 0.060937500000000006 0.04918032786885246
6 0.19453125000000002 0.6159250585480094 0.0578125 0.0702576112412178
6 0.25546875 0.6358313817330211 0.0484375 0.11007025761124122
6 0.3015625 0.667447306791569 0.034375 0.12177985948477751
6 0.14375000000000002 0.7131147540983607 0.06875 0.22716627634660422
6 0.33359375 0.6323185011709602 0.0390625 0.10772833723653395
6 0.40234375 0.6615925058548009 0.06406250000000001 0.17096018735362997
6 0.353125 0.7259953161592506 0.053125000000000006 0.2107728337236534
6 0.4609375 0.6943793911007026 0.037500000000000006 0.1756440281030445
6 0.53046875 0.7096018735362998 0.0703125 0.2576112412177986
6 0.63046875 0.7060889929742389 0.051562500000000004 0.25526932084309134
6 0.74609375 0.6381733021077284 0.0546875 0.11943793911007025
6 0.81015625 0.7154566744730679 0.0671875 0.23185011709601874
2 0.16171875000000002 0.7330210772833724 0.31093750000000003 0.20140515222482436
2 0.640625 0.724824355971897 0.35000000000000003 0.19437939110070257
