6 0.221 0.4106666666666667 0.046 0.21866666666666665
6 0.28600000000000003 0.4013333333333333 0.048 0.21066666666666667
6 0.362 0.41333333333333333 0.088 0.27199999999999996
6 0.705 0.4106666666666667 0.07 0.224
6 0.758 0.42933333333333334 0.092 0.256
6 0.842 0.38 0.076 0.21066666666666667
6 0.905 0.3733333333333333 0.058 0.18666666666666665
6 0.96 0.39599999999999996 0.064 0.27999999999999997
6 0.078 0.616 0.14 0.7413333333333333
6 0.592 0.6106666666666667 0.20800000000000002 0.752
6 0.507 0.5413333333333333 0.266 0.8586666666666667
