6 0.23359375000000002 0.5187353629976581 0.0859375 0.2786885245901639
6 0.32656250000000003 0.5081967213114754 0.05625 0.22950819672131148
6 0.38593750000000004 0.48009367681498827 0.07500000000000001 0.12646370023419204
6 0.5328125 0.4718969555035129 0.037500000000000006 0.12412177985948478
6 0.5953125 0.4672131147540984 0.028125 0.1053864168618267
6 0.62265625 0.4672131147540984 0.045312500000000006 0.09133489461358314
6 0.6625000000000001 0.46604215456674475 0.040625 0.08430913348946135
6 0.7312500000000001 0.4566744730679157 0.034375 0.07494145199063232
6 0.7640625000000001 0.45433255269320844 0.037500000000000006 0.08430913348946135
5 0.8500000000000001 0.5117096018735363 0.18125000000000002 0.12412177985948478
5 0.71796875 0.531615925058548 0.15156250000000002 0.15456674473067916
5 0.6140625000000001 0.5386416861826698 0.125 0.17798594847775176
5 0.47734375 0.5714285714285714 0.2171875 0.17798594847775176
5 0.22109375 0.6194379391100703 0.19843750000000002 0.1756440281030445
6 0.15937500000000002 0.4859484777517564 0.0625 0.19437939110070257
