2 0.6195462478184991 0.7458823529411764 0.2862129144851658 0.1976470588235294
2 0.9354275741710297 0.7247058823529411 0.11518324607329843 0.1411764705882353
5 0.3970331588132635 0.8305882352941176 0.18324607329842932 0.2917647058823529
6 0.41710296684118675 0.7517647058823529 0.12216404886561955 0.3176470588235294
6 0.343804537521815 0.6964705882352941 0.06980802792321117 0.2588235294117647
6 0.28272251308900526 0.7152941176470587 0.06980802792321117 0.24941176470588233
6 0.21029668411867364 0.6552941176470588 0.09947643979057592 0.11058823529411764
6 0.041012216404886566 0.648235294117647 0.03315881326352531 0.12941176470588234
6 0.5069808027923212 0.6694117647058823 0.0506108202443281 0.09647058823529411
6 0.8464223385689355 0.7011764705882352 0.045375218150087264 0.1176470588235294
