0 0.506 0.708 0.98 0.312
0 0.10400000000000001 0.48533333333333334 0.164 0.192
0 0.194 0.4373333333333333 0.076 0.18666666666666665
0 0.254 0.5479999999999999 0.07200000000000001 0.216
0 0.397 0.5293333333333333 0.13 0.23199999999999998
0 0.653 0.48133333333333334 0.25 0.22666666666666666
0 0.936 0.4573333333333333 0.116 0.16799999999999998
6 0.067 0.35333333333333333 0.09 0.16266666666666665
6 0.486 0.44266666666666665 0.1 0.24
6 0.8260000000000001 0.472 0.108 0.26666666666666666
6 0.975 0.2906666666666667 0.038 0.11733333333333333
6 0.919 0.29466666666666663 0.05 0.13599999999999998
6 0.875 0.30533333333333335 0.038 0.17333333333333334
6 0.8280000000000001 0.296 0.048 0.15466666666666667
6 0.78 0.292 0.044 0.152
6 0.734 0.2906666666666667 0.044 0.16533333333333333
6 0.641 0.2813333333333333 0.134 0.15733333333333333
6 0.511 0.30533333333333335 0.05 0.152
6 0.461 0.30133333333333334 0.05 0.16533333333333333
6 0.404 0.32666666666666666 0.056 0.152
6 0.294 0.2866666666666667 0.14 0.15733333333333333
6 0.14400000000000002 0.26666666666666666 0.14400000000000002 0.128
