1 0.41718750000000004 0.5245901639344263 0.31875000000000003 0.48711943793911006
1 0.16640625 0.5644028103044496 0.2171875 0.45901639344262296
0 0.026562500000000003 0.7166276346604216 0.046875 0.1358313817330211
6 0.065625 0.6615925058548009 0.034375 0.16627634660421545
6 0.16171875000000002 0.7400468384074942 0.0671875 0.3185011709601874
6 0.23203125000000002 0.7377049180327869 0.1078125 0.3793911007025761
6 0.75390625 0.6510538641686182 0.029687500000000002 0.13114754098360656
2 0.6046875 0.6545667447306791 0.1 0.13348946135831383
2 0.6531250000000001 0.6510538641686182 0.07500000000000001 0.12177985948477751
2 0.69140625 0.6510538641686182 0.0671875 0.10772833723653395
2 0.8953125000000001 0.6451990632318502 0.07187500000000001 0.09133489461358314
2 0.8187500000000001 0.6229508196721312 0.084375 0.06088992974238876
