6 0.8041666666666667 0.72265625 0.0875 0.2109375
6 0.8395833333333333 0.7140625 0.058333333333333334 0.1875
6 0.6864583333333333 0.7117187500000001 0.10208333333333333 0.1921875
6 0.9562499999999999 0.6734375 0.075 0.12812500000000002
6 0.07708333333333334 0.7921875 0.13333333333333333 0.30625
6 0.12291666666666666 0.6703125000000001 0.05416666666666667 0.08125
6 0.18020833333333333 0.6859375000000001 0.07708333333333334 0.12187500000000001
6 0.24687499999999998 0.6648437500000001 0.04375 0.1046875
6 0.29375 0.659375 0.058333333333333334 0.08750000000000001
6 0.4083333333333333 0.6390625000000001 0.05416666666666667 0.059375000000000004
6 0.34375 0.64609375 0.058333333333333334 0.0546875
6 0.471875 0.6421875 0.04375 0.046875
6 0.5833333333333334 0.6507812500000001 0.041666666666666664 0.0578125
5 0.2625 0.7890625 0.30416666666666664 0.209375
5 0.55625 0.7703125000000001 0.2833333333333333 0.16875
