5 0.46316614420062696 0.7275 0.03918495297805642 0.1
5 0.7084639498432601 0.7675000000000001 0.07836990595611285 0.135
5 0.957680250783699 0.81125 0.07210031347962383 0.1975
5 0.16614420062695925 0.88375 0.2225705329153605 0.2175
6 0.06269592476489028 0.78625 0.04702194357366771 0.3275
6 0.14733542319749215 0.80375 0.09717868338557993 0.3525
6 0.25 0.805 0.0987460815047022 0.37
6 0.3346394984326019 0.7275 0.05799373040752351 0.23500000000000001
6 0.5109717868338558 0.70125 0.034482758620689655 0.1275
6 0.4623824451410658 0.685 0.03134796238244514 0.09
6 0.572884012539185 0.68 0.032915360501567396 0.07
6 0.7092476489028213 0.69625 0.03605015673981191 0.10250000000000001
6 0.6512539184952978 0.7325 0.048589341692789965 0.1
6 0.8605015673981191 0.745 0.06896551724137931 0.265
6 0.9286833855799372 0.70875 0.048589341692789965 0.0725
6 0.9725705329153604 0.74 0.05172413793103448 0.195
5 0.5462382445141065 0.7312500000000001 0.029780564263322883 0.0825
2 0.3777429467084639 0.67875 0.04075235109717868 0.0675
2 0.4239811912225705 0.68 0.04231974921630094 0.06
