6 0.66328125 0.4693396226415094 0.0734375 0.1792452830188679
6 0.57265625 0.4410377358490566 0.0671875 0.16037735849056603
6 0.5125000000000001 0.4398584905660377 0.040625 0.13443396226415094
6 0.465625 0.44221698113207547 0.05625 0.18160377358490565
6 0.38906250000000003 0.45990566037735847 0.053125000000000006 0.2122641509433962
6 0.09062500000000001 0.5471698113207547 0.11875000000000001 0.4292452830188679
6 0.2859375 0.4386792452830188 0.043750000000000004 0.1320754716981132
6 0.7890625 0.4658018867924528 0.07187500000000001 0.17688679245283018
5 0.8109375000000001 0.5259433962264151 0.140625 0.16981132075471697
5 0.6742187500000001 0.5318396226415094 0.09531250000000001 0.1580188679245283
5 0.28515625 0.5023584905660378 0.060937500000000006 0.12264150943396226
5 0.21640625000000002 0.4658018867924528 0.0734375 0.125
0 0.09140625000000001 0.6462264150943396 0.1609375 0.3584905660377358
0 0.390625 0.5271226415094339 0.07187500000000001 0.20047169811320753
0 0.47187500000000004 0.5235849056603773 0.09375 0.17452830188679244
0 0.578125 0.5283018867924528 0.096875 0.14622641509433962
