0 0.2138671875 0.8079427083333333 0.3125 0.19661458333333331
0 0.50341796875 0.7350260416666666 0.2236328125 0.14453125
0 0.69189453125 0.6953125 0.1357421875 0.125
6 0.11376953125 0.708984375 0.0576171875 0.23046875
6 0.181640625 0.7194010416666666 0.099609375 0.18619791666666666
6 0.24169921875 0.6217447916666666 0.0341796875 0.09244791666666666
6 0.2958984375 0.73046875 0.130859375 0.2708333333333333
6 0.44482421875 0.6666666666666666 0.0634765625 0.15104166666666666
6 0.50439453125 0.6842447916666666 0.0634765625 0.17317708333333331
6 0.56787109375 0.6764322916666666 0.0615234375 0.16276041666666666
6 0.65478515625 0.6673177083333333 0.0693359375 0.16276041666666666
6 0.68701171875 0.625 0.0498046875 0.109375
6 0.73681640625 0.6158854166666666 0.0439453125 0.08854166666666666
0 0.828125 0.6510416666666666 0.037109375 0.05989583333333333
0 0.78076171875 0.6497395833333333 0.0263671875 0.06770833333333333
0 0.89111328125 0.619140625 0.0458984375 0.06380208333333333
0 0.9609375 0.62109375 0.0390625 0.046875
