2 0.3505859375 0.7486979166666666 0.671875 0.4609375
2 0.08447265625 0.5084635416666666 0.1474609375 0.07421875
2 0.29345703125 0.5130208333333333 0.1220703125 0.07291666666666666
2 0.52734375 0.5208333333333333 0.228515625 0.09895833333333333
2 0.857421875 0.5208333333333333 0.267578125 0.13020833333333331
6 0.4033203125 0.4915364583333333 0.03125 0.09244791666666666
6 0.35888671875 0.48828125 0.0244140625 0.09114583333333333
6 0.69091796875 0.47526041666666663 0.0556640625 0.08072916666666666
6 0.814453125 0.45572916666666663 0.029296875 0.0546875
6 0.6123046875 0.4680989583333333 0.025390625 0.05859375
6 0.7470703125 0.470703125 0.029296875 0.07161458333333333
6 0.77783203125 0.466796875 0.0224609375 0.07421875
