2 0.44765625000000003 0.34324942791762014 0.29531250000000003 0.2425629290617849
2 0.1046875 0.3009153318077803 0.07187500000000001 0.15331807780320367
2 0.7000000000000001 0.35926773455377575 0.22812500000000002 0.16475972540045766
2 0.5796875 0.3146453089244851 0.10312500000000001 0.08466819221967964
2 0.8109375000000001 0.3329519450800915 0.12187500000000001 0.13043478260869565
5 0.29609375 0.5926773455377574 0.5546875 0.585812356979405
5 0.15703125 0.33752860411899316 0.045312500000000006 0.10755148741418764
5 0.9187500000000001 0.38558352402745993 0.12187500000000001 0.14416475972540047
6 0.2984375 0.5446224256292906 0.259375 0.8237986270022883
6 0.153125 0.2974828375286041 0.034375 0.09153318077803203
6 0.9281250000000001 0.3329519450800915 0.065625 0.16247139588100687
