6 0.10799632352941177 0.5929330065359477 0.11672794117647059 0.5379901960784313
6 0.19010416666666666 0.6013071895424836 0.10508578431372549 0.5122549019607844
6 0.22089460784313725 0.35641339869281047 0.07536764705882353 0.1360294117647059
6 0.3347120098039216 0.5243055555555556 0.0818014705882353 0.49387254901960786
6 0.28308823529411764 0.5686274509803921 0.11887254901960784 0.5122549019607844
6 0.38878676470588236 0.5490196078431373 0.07965686274509803 0.5040849673202614
6 0.4379595588235294 0.522671568627451 0.08915441176470588 0.4456699346405229
6 0.4848345588235294 0.5375816993464052 0.08486519607843138 0.4387254901960784
6 0.5393688725490196 0.34538398692810457 0.06464460784313725 0.13031045751633988
6 0.5687806372549019 0.5406454248366013 0.10202205882352941 0.4840686274509804
6 0.6328125 0.5751633986928105 0.12837009803921567 0.5277777777777778
6 0.6677389705882353 0.37336601307189543 0.07322303921568628 0.12173202614379085
6 0.735906862745098 0.5645424836601307 0.14767156862745098 0.5604575163398693
6 0.7792585784313726 0.672998366013072 0.15165441176470587 0.6017156862745098
