0 0.05023547880690738 0.6057934508816121 0.08791208791208792 0.2544080604534005
5 0.5031397174254317 0.535264483627204 0.06122448979591837 0.17380352644836272
5 0.6758241758241759 0.6183879093198992 0.11459968602825746 0.2695214105793451
5 0.4003139717425432 0.4659949622166247 0.04081632653061225 0.08564231738035265
6 0.3673469387755102 0.4433249370277078 0.031397174254317116 0.12090680100755667
6 0.250392464678179 0.5957178841309824 0.24960753532182106 0.7632241813602015
6 0.500784929356358 0.4622166246851385 0.05337519623233909 0.1486146095717884
6 0.5729984301412873 0.42947103274559195 0.06279434850863423 0.0982367758186398
6 0.6734693877551021 0.46977329974811083 0.10047095761381476 0.21914357682619648
6 0.8139717425431712 0.5478589420654911 0.08320251177394035 0.35516372795969775
