1 0.5442708333333334 0.4740740740740741 0.4302083333333333 0.725925925925926
6 0.3125 0.6046296296296296 0.025 0.07962962962962963
6 0.2817708333333333 0.6157407407407408 0.021875 0.08703703703703704
6 0.21927083333333333 0.6064814814814815 0.02395833333333333 0.08703703703703704
6 0.03125 0.5898148148148148 0.03958333333333333 0.2574074074074074
6 0.0703125 0.5925925925925926 0.042708333333333334 0.26666666666666666
6 0.1125 0.5935185185185186 0.05 0.2611111111111111
6 0.140625 0.6111111111111112 0.041666666666666664 0.2518518518518519
6 0.17552083333333332 0.6046296296296296 0.030208333333333334 0.22037037037037038
6 0.9088541666666666 0.5888888888888889 0.036458333333333336 0.1
2 0.8453125 0.6425925925925926 0.159375 0.16296296296296298
