Boat 0.023529411764705882 0.31791044776119404 0.043137254901960784 0.06865671641791045
Boat 0.08039215686274509 0.3164179104477612 0.054901960784313725 0.07164179104477612
Boat 0.15490196078431373 0.32537313432835824 0.058823529411764705 0.07761194029850746
Boat 0.20392156862745098 0.3238805970149254 0.03529411764705882 0.0626865671641791
Boat 0.24313725490196078 0.3283582089552239 0.043137254901960784 0.05373134328358209
Boat 0.35 0.32686567164179103 0.045098039215686274 0.056716417910447764
Boat 0.31470588235294117 0.32985074626865674 0.03333333333333333 0.05074626865671642
Boat 0.5617647058823529 0.2253731343283582 0.13137254901960785 0.39104477611940297
Boat 0.65 0.20746268656716418 0.1 0.39104477611940297
Boat 0.7274509803921568 0.23134328358208955 0.11372549019607843 0.3791044776119403
Boat 0.8294117647058823 0.24029850746268658 0.0784313725490196 0.4328358208955224
Boat 0.9029411764705882 0.39850746268656717 0.13529411764705881 0.13432835820895522
Boat 0.442156862745098 0.31343283582089554 0.11568627450980393 0.13134328358208955
5 0.7980392156862745 0.5895522388059702 0.2784313725490196 0.4507462686567164
