2 0.45263671875 0.29941434846266474 0.1357421875 0.12152269399707175
2 0.26171875 0.28330893118594436 0.103515625 0.0951683748169839
2 0.06884765625 0.33601756954612005 0.1259765625 0.212298682284041
2 0.79541015625 0.32210834553440704 0.2197265625 0.21669106881405564
2 0.5478515625 0.30380673499267935 0.08203125 0.08345534407027819
5 0.376953125 0.5329428989751098 0.369140625 0.4128843338213763
5 0.63134765625 0.6632503660322109 0.5009765625 0.6325036603221084
6 0.1435546875 0.4150805270863836 0.064453125 0.232796486090776
6 0.35205078125 0.31112737920937045 0.0634765625 0.19472913616398244
6 0.400390625 0.4663250366032211 0.126953125 0.40263543191800877
6 0.607421875 0.3213762811127379 0.033203125 0.13323572474377746
6 0.56982421875 0.31551976573938506 0.0263671875 0.1273792093704246
6 0.68798828125 0.5497803806734993 0.2236328125 0.5900439238653001
6 0.86962890625 0.513909224011713 0.1416015625 0.5095168374816984
6 0.95263671875 0.4802342606149341 0.0849609375 0.5475841874084919
6 0.2626953125 0.2664714494875549 0.04296875 0.09077598828696926
5 0.26220703125 0.2979502196193265 0.0498046875 0.05124450951683748
