Chair 0.49802761341222884 0.915680473372781 0.05325443786982249 0.09763313609467456
5 0.7879684418145957 0.9112426035502958 0.1873767258382643 0.17159763313609466
Chair 0.878698224852071 0.8609467455621301 0.0611439842209073 0.1301775147928994
Chair 0.92603550295858 0.856508875739645 0.04930966469428008 0.10946745562130178
Table 0.252465483234714 0.9097633136094674 0.06706114398422092 0.09171597633136094
Table 0.334319526627219 0.9186390532544378 0.0650887573964497 0.10946745562130178
Table 0.13806706114398423 0.8994082840236686 0.11045364891518739 0.11834319526627218
6 0.6351084812623274 0.8476331360946745 0.07495069033530573 0.27514792899408286
6 0.596646942800789 0.8002958579881657 0.04142011834319527 0.12130177514792899
6 0.7633136094674556 0.8195266272189349 0.04733727810650888 0.11242603550295857
6 0.8155818540433926 0.8091715976331361 0.045364891518737675 0.09763313609467456
6 0.3796844181459566 0.8757396449704142 0.08875739644970415 0.20118343195266272
6 0.33925049309664695 0.8343195266272189 0.04733727810650888 0.10650887573964497
6 0.2879684418145957 0.8387573964497042 0.0591715976331361 0.09171597633136094
6 0.49605522682445763 0.8284023668639053 0.0650887573964497 0.08284023668639053
6 0.16666666666666669 0.7973372781065089 0.05325443786982249 0.10946745562130178
6 0.05226824457593689 0.8698224852071006 0.08086785009861934 0.1893491124260355
