6 0.07500000000000001 0.6141176470588234 0.11875000000000001 0.42823529411764705
6 0.15937500000000002 0.6611764705882353 0.1125 0.5694117647058823
6 0.23750000000000002 0.6494117647058822 0.115625 0.6070588235294118
6 0.29531250000000003 0.6552941176470588 0.084375 0.5011764705882352
6 0.3640625 0.6670588235294117 0.08750000000000001 0.5717647058823528
6 0.47187500000000004 0.6388235294117647 0.1125 0.4447058823529411
6 0.55625 0.6270588235294117 0.09062500000000001 0.48235294117647054
6 0.634375 0.6611764705882353 0.10625000000000001 0.5129411764705882
6 0.7859375000000001 0.6752941176470587 0.17500000000000002 0.5270588235294117
6 0.9382812500000001 0.6505882352941176 0.1078125 0.6517647058823529
