0 0.17265625 0.7108294930875576 0.1234375 0.21428571428571427
5 0.7742187500000001 0.631336405529954 0.09843750000000001 0.09216589861751152
2 0.64453125 0.630184331797235 0.1265625 0.09907834101382489
2 0.9554687500000001 0.6221198156682027 0.0859375 0.12903225806451613
6 0.76875 0.6129032258064516 0.040625 0.10599078341013825
6 0.8914062500000001 0.6290322580645161 0.026562500000000003 0.05529953917050691
6 0.17421875 0.6670506912442397 0.07968750000000001 0.2557603686635945
6 0.23593750000000002 0.6866359447004609 0.040625 0.16129032258064516
6 0.29296875 0.6981566820276498 0.035937500000000004 0.0967741935483871
6 0.32734375000000004 0.6993087557603687 0.0484375 0.1175115207373272
6 0.3640625 0.7027649769585254 0.040625 0.12903225806451613
6 0.42031250000000003 0.619815668202765 0.040625 0.10599078341013825
6 0.4453125 0.717741935483871 0.10312500000000001 0.1728110599078341
6 0.5007812500000001 0.7050691244239631 0.0765625 0.1382488479262673
