0 0.57265625 0.5366108786610878 0.1953125 0.1903765690376569
0 0.40390625 0.47803347280334724 0.2578125 0.17782426778242677
0 0.19453125000000002 0.46966527196652713 0.1171875 0.12761506276150628
0 0.07109375 0.5303347280334728 0.1203125 0.2322175732217573
0 0.93515625 0.49999999999999994 0.1234375 0.2301255230125523
0 0.7875000000000001 0.48640167364016734 0.1 0.14435146443514643
2 0.5085937500000001 0.3734309623430962 0.11406250000000001 0.06485355648535564
6 0.34453125 0.4236401673640167 0.11406250000000001 0.2405857740585774
6 0.44062500000000004 0.4246861924686192 0.05 0.20083682008368198
6 0.234375 0.36610878661087864 0.037500000000000006 0.11715481171548116
6 0.19296875000000002 0.4163179916317991 0.0703125 0.20502092050209203
6 0.10390625 0.4341004184100418 0.051562500000000004 0.2322175732217573
6 0.0390625 0.39958158995815896 0.05 0.18828451882845187
6 0.7125 0.35564853556485354 0.08125 0.08368200836820083
6 0.6156250000000001 0.46966527196652713 0.084375 0.303347280334728
6 0.76328125 0.38598326359832635 0.09843750000000001 0.14435146443514643
6 0.9304687500000001 0.37866108786610875 0.045312500000000006 0.10878661087866108
