0 0.2515625 0.7350936967632027 0.234375 0.15502555366269166
0 0.4578125 0.6890971039182283 0.09375 0.09369676320272573
0 0.16562500000000002 0.7044293015332198 0.19062500000000002 0.12436115843270869
6 0.453125 0.6575809199318569 0.059375000000000004 0.14310051107325383
6 0.36171875000000003 0.6448040885860307 0.045312500000000006 0.11073253833049404
6 0.27187500000000003 0.6643952299829642 0.08125 0.19420783645655879
6 0.18281250000000002 0.6695059625212947 0.08125 0.19761499148211245
2 0.52890625 0.6115843270868825 0.0671875 0.040885860306643956
2 0.91015625 0.6252129471890971 0.1640625 0.08177172061328791
2 0.74375 0.6550255536626917 0.30000000000000004 0.13458262350936967
