6 0.07187500000000001 0.5843091334894613 0.046875 0.21779859484777517
6 0.146875 0.6241217798594848 0.037500000000000006 0.13348946135831383
6 0.16796875 0.5620608899297423 0.0421875 0.1405152224824356
6 0.21406250000000002 0.6440281030444965 0.09062500000000001 0.32786885245901637
6 0.27734375 0.594847775175644 0.0484375 0.20140515222482436
6 0.32578125 0.6288056206088993 0.060937500000000006 0.33489461358313816
6 0.4 0.6885245901639344 0.140625 0.5807962529274004
6 0.53125 0.6604215456674473 0.134375 0.5761124121779859
6 0.65 0.6651053864168618 0.12812500000000002 0.4964871194379391
6 0.71484375 0.6604215456674473 0.060937500000000006 0.3185011709601874
6 0.7546875000000001 0.6007025761124122 0.08750000000000001 0.3583138173302108
