0 0.53125 0.6044600938967136 0.171875 0.3591549295774648
6 0.3203125 0.3591549295774648 0.025 0.07981220657276995
6 0.29765625 0.357981220657277 0.026562500000000003 0.09624413145539906
6 0.28125 0.37089201877934275 0.028125 0.0892018779342723
6 0.2328125 0.3392018779342723 0.025 0.05868544600938967
6 0.36875 0.3755868544600939 0.03125 0.10328638497652583
6 0.35078125000000004 0.4014084507042254 0.0421875 0.15492957746478875
6 0.40234375 0.3967136150234742 0.0328125 0.13145539906103287
6 0.65234375 0.471830985915493 0.06406250000000001 0.24882629107981222
6 0.68125 0.4025821596244131 0.053125000000000006 0.19483568075117372
6 0.521875 0.4906103286384977 0.11875000000000001 0.46009389671361506
