6 0.213855421686747 0.381 0.08433734939759037 0.098
6 0.3885542168674699 0.376 0.10843373493975904 0.096
6 0.6159638554216867 0.38 0.10542168674698796 0.12
6 0.7816265060240964 0.384 0.11746987951807229 0.116
6 0.27560240963855426 0.925 0.14759036144578314 0.14200000000000002
6 0.125 0.93 0.1716867469879518 0.112
6 0.5240963855421688 0.935 0.14457831325301207 0.11800000000000001
6 0.674698795180723 0.922 0.16265060240963855 0.14400000000000002
Table 0.1566265060240964 0.492 0.24096385542168675 0.164
Table 0.38403614457831325 0.481 0.21987951807228917 0.146
Table 0.5798192771084337 0.47500000000000003 0.21987951807228917 0.14200000000000002
Table 0.7695783132530121 0.484 0.213855421686747 0.14400000000000002
Table 0.9201807228915663 0.511 0.1536144578313253 0.158
