2 0.0748792270531401 0.32608695652173914 0.12560386473429952 0.1111111111111111
2 0.20169082125603863 0.30314009661835745 0.13285024154589373 0.13285024154589373
2 0.34903381642512077 0.3140096618357488 0.11835748792270531 0.1111111111111111
2 0.5157004830917874 0.3466183574879227 0.1473429951690821 0.14251207729468598
2 0.6944444444444444 0.32004830917874394 0.14251207729468598 0.12801932367149757
2 0.8176328502415459 0.42391304347826086 0.32608695652173914 0.16666666666666666
2 0.8429951690821256 0.5241545893719807 0.2995169082125604 0.24637681159420288
2 0.8514492753623188 0.6219806763285024 0.28743961352657005 0.28743961352657005
2 0.8272946859903382 0.8031400966183575 0.3115942028985507 0.3550724637681159
2 0.1896135265700483 0.751207729468599 0.33091787439613524 0.4444444444444444
2 0.0966183574879227 0.466183574879227 0.17391304347826086 0.15458937198067632
2 0.3635265700483092 0.5640096618357487 0.35990338164251207 0.32608695652173914
5 0.32608695652173914 0.6473429951690821 0.21256038647342995 0.33816425120772947
5 0.6207729468599034 0.5410628019323671 0.12077294685990338 0.1932367149758454
6 0.34178743961352653 0.6026570048309179 0.20531400966183574 0.4082125603864734
6 0.6219806763285024 0.4794685990338164 0.12801932367149757 0.321256038647343
