4 0.43935643564356436 0.5650000000000001 0.38366336633663367 0.33666666666666667
6 0.13861386138613863 0.5516666666666667 0.2079207920792079 0.8300000000000001
6 0.3180693069306931 0.29333333333333333 0.13613861386138615 0.2866666666666667
6 0.37004950495049505 0.22666666666666668 0.06188118811881188 0.18000000000000002
6 0.4207920792079208 0.29500000000000004 0.11386138613861387 0.33666666666666667
6 0.5 0.32 0.09900990099009901 0.32
6 0.5680693069306931 0.305 0.06683168316831684 0.17666666666666667
6 0.7636138613861386 0.5066666666666667 0.09653465346534654 0.12666666666666668
6 0.6881188118811882 0.19833333333333333 0.13366336633663367 0.15000000000000002
6 0.8688118811881188 0.22166666666666668 0.15346534653465346 0.21000000000000002
6 0.9183168316831684 0.44833333333333336 0.15346534653465346 0.61
