1 0.24921875000000002 0.4929742388758782 0.4109375 0.4613583138173302
6 0.29921875000000003 0.7786885245901639 0.1328125 0.36768149882903983
6 0.6296875000000001 0.6768149882903981 0.0625 0.2716627634660422
6 0.61484375 0.5620608899297423 0.026562500000000003 0.06088992974238876
6 0.68671875 0.6451990632318502 0.051562500000000004 0.1990632318501171
6 0.56953125 0.689695550351288 0.060937500000000006 0.30210772833723654
6 0.5125000000000001 0.7599531615925058 0.09375 0.4519906323185012
6 0.39921875 0.752927400468384 0.2515625 0.4847775175644028
6 0.8609375 0.5784543325526932 0.0625 0.12646370023419204
6 0.87890625 0.6686182669789227 0.060937500000000006 0.07728337236533958
6 0.79296875 0.765807962529274 0.1640625 0.4262295081967213
6 0.95625 0.7634660421545667 0.084375 0.4449648711943794
