5 0.67626953125 0.5439238653001465 0.3017578125 0.36749633967789164
5 0.43896484375 0.410688140556369 0.1533203125 0.20644216691068815
6 0.82177734375 0.38872620790629575 0.1123046875 0.3177159590043924
6 0.849609375 0.37481698389458273 0.130859375 0.34553440702781846
6 0.810546875 0.19619326500732065 0.05078125 0.12005856515373353
6 0.97509765625 0.18887262079062958 0.0380859375 0.10248901903367497
6 0.92626953125 0.17789165446559296 0.0693359375 0.10688140556368961
6 0.259765625 0.5505124450951684 0.2578125 0.8726207906295754
2 0.8173828125 0.3374816983894583 0.3515625 0.2825768667642753
2 0.384765625 0.3601756954612006 0.185546875 0.21376281112737922
