1 0.6671875 0.5739583333333333 0.403125 0.27291666666666664
6 0.9476562500000001 0.63125 0.0421875 0.10416666666666667
6 0.6000000000000001 0.5729166666666666 0.06875 0.175
6 0.6179687500000001 0.35625 0.1046875 0.12916666666666665
6 0.03125 0.6260416666666666 0.021875000000000002 0.09791666666666667
6 0.05625 0.6385416666666667 0.021875000000000002 0.06875
6 0.10546875 0.615625 0.029687500000000002 0.11875
6 0.1546875 0.6385416666666667 0.03125 0.06875
6 0.18125000000000002 0.6166666666666667 0.03125 0.12083333333333333
6 0.21250000000000002 0.6385416666666667 0.021875000000000002 0.06875
0 0.5945312500000001 0.6291666666666667 0.06406250000000001 0.14583333333333334
2 0.32109375 0.6489583333333333 0.0484375 0.04791666666666666
2 0.38125000000000003 0.6333333333333333 0.08750000000000001 0.1
