6 0.7546875000000001 0.30387409200968524 0.07500000000000001 0.3220338983050848
6 0.9031250000000001 0.29418886198547217 0.084375 0.2929782082324455
6 0.67890625 0.30871670702179177 0.0765625 0.2784503631961259
6 0.6265625 0.30387409200968524 0.05625 0.33171912832929784
6 0.571875 0.3438256658595642 0.084375 0.40193704600484265
6 0.48828125 0.25786924939467315 0.0671875 0.2784503631961259
6 0.41484375 0.2566585956416465 0.0484375 0.21307506053268765
6 0.36250000000000004 0.25181598062953997 0.05 0.19854721549636806
6 0.32265625000000003 0.2397094430992736 0.0578125 0.1791767554479419
6 0.09843750000000001 0.25544794188861986 0.0625 0.20096852300242132
6 0.1765625 0.23123486682808717 0.065625 0.14285714285714288
6 0.22265625 0.4491525423728814 0.0890625 0.6077481840193705
6 0.33828125000000003 0.5653753026634383 0.22968750000000002 0.7191283292978209
5 0.4109375 0.6561743341404359 0.540625 0.6585956416464891
