6 0.21767769607843138 0.3758169934640523 0.09650735294117647 0.14869281045751634
6 0.3324142156862745 0.5343137254901961 0.07536764705882353 0.48284313725490197
6 0.42693014705882354 0.5357434640522876 0.0585171568627451 0.42034313725490197
6 0.38174019607843135 0.5426879084967321 0.06372549019607843 0.46854575163398693
6 0.4799325980392157 0.5263480392156863 0.07322303921568628 0.37949346405228757
6 0.5176164215686274 0.3496732026143791 0.06158088235294117 0.13316993464052287
6 0.5591299019607843 0.5381944444444444 0.09558823529411764 0.4456699346405229
6 0.6121323529411765 0.5786356209150327 0.12316176470588235 0.48978758169934644
6 0.6603860294117647 0.3735702614379085 0.0860906862745098 0.09926470588235295
6 0.7172181372549019 0.5645424836601307 0.14644607843137256 0.5179738562091504
6 0.7688419117647058 0.6723856209150327 0.12837009803921567 0.5833333333333334
6 0.2789522058823529 0.5757761437908497 0.10202205882352941 0.48978758169934644
6 0.19699754901960784 0.6055964052287582 0.11458333333333333 0.4840686274509804
6 0.1130514705882353 0.6080473856209151 0.11458333333333333 0.5224673202614379
