6 0.38954635108481267 0.7958579881656804 0.04930966469428008 0.20118343195266272
6 0.32840236686390534 0.7840236686390533 0.045364891518737675 0.1952662721893491
6 0.13708086785009863 0.7544378698224852 0.02958579881656805 0.08284023668639053
6 0.5147928994082841 0.7322485207100592 0.02366863905325444 0.11538461538461538
6 0.5433925049309665 0.7381656804733727 0.037475345167652864 0.11538461538461538
6 0.7110453648915188 0.779585798816568 0.07297830374753451 0.1982248520710059
6 0.873767258382643 0.8047337278106509 0.0631163708086785 0.27218934911242604
5 0.7140039447731755 0.8254437869822485 0.07100591715976332 0.1893491124260355
2 0.6341222879684418 0.7514792899408284 0.10848126232741617 0.1301775147928994
2 0.9112426035502958 0.7766272189349113 0.15779092702169625 0.1982248520710059
