6 0.05 0.5774647887323944 0.06875 0.28169014084507044
6 0.6921875000000001 0.46830985915492956 0.018750000000000003 0.11032863849765258
6 0.8671875 0.4612676056338028 0.028125 0.09624413145539906
6 0.7703125000000001 0.4859154929577465 0.053125000000000006 0.15023474178403756
6 0.821875 0.45305164319248825 0.021875000000000002 0.08450704225352113
6 0.80390625 0.4424882629107981 0.0234375 0.08215962441314555
6 0.34140625 0.4612676056338028 0.0328125 0.06338028169014084
6 0.49531250000000004 0.4800469483568075 0.028125 0.04929577464788733
5 0.56171875 0.5046948356807511 0.0734375 0.0892018779342723
5 0.61640625 0.49295774647887325 0.0703125 0.09389671361502347
5 0.8054687500000001 0.4765258215962441 0.0328125 0.07511737089201878
5 0.86640625 0.4859154929577465 0.0328125 0.0892018779342723
5 0.7664062500000001 0.5363849765258216 0.060937500000000006 0.16666666666666666
5 0.9828125000000001 0.47535211267605637 0.03125 0.06807511737089202
