6 0.284375 0.6489583333333333 0.065625 0.13958333333333334
6 0.29765625 0.5760416666666667 0.0578125 0.05625
6 0.3375 0.609375 0.046875 0.06875
6 0.35781250000000003 0.6395833333333333 0.05625 0.09583333333333333
6 0.37265625 0.590625 0.0328125 0.06458333333333333
6 0.45937500000000003 0.5760416666666667 0.040625 0.06041666666666667
6 0.6234375000000001 0.559375 0.037500000000000006 0.04375
6 0.6492187500000001 0.5427083333333333 0.026562500000000003 0.07291666666666667
6 0.6828125 0.5625 0.040625 0.058333333333333334
Table 0.6273437500000001 0.6979166666666666 0.0859375 0.1
Table 0.49453125000000003 0.6927083333333334 0.0859375 0.09791666666666667
Table 0.565625 0.61875 0.06875 0.029166666666666667
Chair 0.5765625 0.7302083333333333 0.1 0.16041666666666665
Chair 0.45937500000000003 0.7166666666666667 0.10625000000000001 0.13333333333333333
Chair 0.7125 0.6833333333333333 0.07187500000000001 0.125
5 0.31015625 0.8135416666666666 0.2734375 0.34791666666666665
6 0.753125 0.61875 0.05 0.07083333333333333
6 0.7898437500000001 0.5895833333333333 0.026562500000000003 0.06666666666666667
6 0.83203125 0.5927083333333333 0.0484375 0.052083333333333336
2 0.96640625 0.565625 0.051562500000000004 0.06458333333333333
