5 0.111328125 0.5683823529411764 0.0859375 0.17794117647058824
5 0.2021484375 0.6602941176470588 0.201171875 0.36176470588235293
5 0.37158203125 0.5845588235294118 0.1044921875 0.2426470588235294
5 0.49072265625 0.6272058823529412 0.1416015625 0.3897058823529412
5 0.8310546875 0.6360294117647058 0.228515625 0.4338235294117647
5 0.6875 0.5345588235294118 0.09375 0.22794117647058823
5 0.61962890625 0.5007352941176471 0.0849609375 0.1838235294117647
6 0.2109375 0.5338235294117647 0.11328125 0.35
6 0.2646484375 0.47720588235294115 0.05078125 0.18088235294117647
6 0.3134765625 0.4404411764705882 0.03515625 0.10441176470588236
6 0.369140625 0.5176470588235293 0.103515625 0.3235294117647059
6 0.4873046875 0.5470588235294117 0.171875 0.4411764705882353
6 0.58740234375 0.4088235294117647 0.0439453125 0.09411764705882353
6 0.62451171875 0.4117647058823529 0.0478515625 0.10882352941176471
6 0.6806640625 0.40147058823529413 0.0703125 0.16176470588235295
6 0.77099609375 0.5610294117647059 0.1845703125 0.586764705882353
6 0.1201171875 0.4713235294117647 0.060546875 0.1338235294117647
