1 0.51123046875 0.5270506108202443 0.9697265625 0.6841186736474695
6 0.15087890625 0.6823734729493892 0.1005859375 0.31762652705061084
6 0.31640625 0.6797556719022688 0.0625 0.25654450261780104
6 0.384765625 0.6945898778359512 0.0859375 0.31762652705061084
6 0.4736328125 0.7015706806282722 0.06640625 0.34205933682373474
6 0.52587890625 0.6945898778359512 0.0693359375 0.32111692844677137
6 0.578125 0.7216404886561955 0.076171875 0.2705061082024433
6 0.63134765625 0.7050610820244329 0.0693359375 0.29319371727748694
6 0.73388671875 0.6928446771378709 0.1025390625 0.37347294938917974
6 0.7041015625 0.5209424083769634 0.076171875 0.13787085514834208
