1 0.2284313725490196 0.5833333333333333 0.35490196078431374 0.6845238095238095
2 0.592156862745098 0.7782738095238095 0.25098039215686274 0.1636904761904762
6 0.19901960784313724 0.6175595238095237 0.060784313725490195 0.10416666666666666
6 0.44705882352941173 0.6994047619047619 0.054901960784313725 0.08333333333333333
6 0.5137254901960784 0.6830357142857143 0.08627450980392157 0.0625
6 0.6088235294117647 0.6726190476190476 0.09607843137254901 0.05952380952380952
6 0.6647058823529411 0.7961309523809523 0.06274509803921569 0.31845238095238093
6 0.7264705882352941 0.8095238095238095 0.06470588235294117 0.2976190476190476
6 0.830392156862745 0.8080357142857142 0.12745098039215685 0.33035714285714285
6 0.9382352941176471 0.8125 0.10392156862745097 0.3273809523809524
