0 0.5155339805825242 0.7084942084942085 0.19999999999999998 0.42084942084942084
0 0.6961165048543689 0.5945945945945946 0.1378640776699029 0.32432432432432434
0 0.059223300970873784 0.640926640926641 0.05242718446601941 0.21621621621621623
0 0.12815533980582525 0.6158301158301158 0.05436893203883495 0.22007722007722008
0 0.23300970873786406 0.5868725868725869 0.06601941747572815 0.23938223938223938
6 0.05728155339805825 0.5752895752895753 0.04854368932038835 0.277992277992278
6 0.1320388349514563 0.5540540540540541 0.062135922330097085 0.25868725868725867
6 0.23106796116504855 0.5057915057915058 0.06601941747572815 0.277992277992278
6 0.5718446601941747 0.5 0.1029126213592233 0.35135135135135137
6 0.49029126213592233 0.584942084942085 0.1378640776699029 0.5057915057915058
6 0.6970873786407766 0.4362934362934363 0.11262135922330097 0.44787644787644787
