1 0.5236686390532544 0.4615384615384615 0.2978303747534517 0.3668639053254438
6 0.36686390532544383 0.5014792899408284 0.04339250493096647 0.1804733727810651
6 0.31262327416173574 0.46745562130177515 0.02958579881656805 0.14792899408284024
6 0.2889546351084813 0.47928994082840237 0.045364891518737675 0.17159763313609466
6 0.20118343195266272 0.48668639053254437 0.03944773175542406 0.1923076923076923
6 0.2455621301775148 0.49260355029585795 0.04930966469428008 0.22189349112426035
6 0.12721893491124261 0.5118343195266272 0.0611439842209073 0.27218934911242604
6 0.07495069033530573 0.5384615384615384 0.07495069033530573 0.3313609467455621
2 0.7090729783037476 0.47781065088757396 0.10059171597633136 0.10946745562130178
2 0.960552268244576 0.522189349112426 0.07495069033530573 0.15680473372781065
