5 0.52890625 0.7786885245901639 0.4390625 0.42857142857142855
5 0.8929687500000001 0.8126463700234192 0.2078125 0.36533957845433257
5 0.17500000000000002 0.617096018735363 0.275 0.3161592505854801
6 0.07734375 0.5163934426229508 0.051562500000000004 0.18032786885245902
6 0.178125 0.5491803278688525 0.09062500000000001 0.23185011709601874
6 0.30859375 0.5035128805620609 0.035937500000000004 0.18735362997658078
6 0.34218750000000003 0.4929742388758782 0.05 0.1522248243559719
6 0.41015625 0.5081967213114754 0.0765625 0.20608899297423888
6 0.46640625 0.5199063231850117 0.08281250000000001 0.1451990632318501
6 0.77109375 0.5468384074941453 0.1015625 0.2693208430913349
6 0.5007812500000001 0.6955503512880562 0.20468750000000002 0.5761124121779859
