1 0.8963782696177063 0.3468208092485549 0.19114688128772636 0.3583815028901734
Chair 0.1006036217303823 0.7514450867052023 0.1529175050301811 0.19653179190751444
Bottle 0.41851106639839036 0.5245664739884393 0.024144869215291753 0.06647398843930635
5 0.7404426559356138 0.48121387283236994 0.17706237424547286 0.18208092485549132
6 0.36317907444668013 0.4436416184971098 0.06237424547283703 0.24566473988439305
6 0.3038229376257546 0.40462427745664736 0.048289738430583505 0.1907514450867052
6 0.13782696177062376 0.6705202312138728 0.15492957746478875 0.3179190751445087
6 0.4315895372233401 0.42919075144508667 0.04225352112676057 0.23410404624277456
6 0.4577464788732395 0.46098265895953755 0.05835010060362174 0.29190751445086704
6 0.6438631790744467 0.37572254335260113 0.044265593561368215 0.12138728323699421
6 0.699195171026157 0.38872832369942195 0.04627766599597586 0.15317919075144507
6 0.7374245472837023 0.40462427745664736 0.04627766599597586 0.1791907514450867
6 0.7706237424547284 0.45231213872832365 0.05633802816901409 0.2514450867052023
