0 0.20361328125 0.8001464128843339 0.3974609375 0.376281112737921
Table 0.8935546875 0.7423133235724744 0.12109375 0.2225475841874085
6 0.2783203125 0.6251830161054173 0.060546875 0.2781844802342606
6 0.4375 0.6317715959004393 0.05078125 0.2445095168374817
6 0.37890625 0.6237188872620791 0.06640625 0.2635431918008785
6 0.533203125 0.6412884333821376 0.064453125 0.2869692532942899
6 0.49365234375 0.6354319180087848 0.0810546875 0.3191800878477306
6 0.5810546875 0.6471449487554906 0.06640625 0.34553440702781846
6 0.62841796875 0.6346998535871157 0.0751953125 0.34992679355783307
6 0.67822265625 0.6332357247437774 0.0654296875 0.335285505124451
6 0.7236328125 0.6515373352855052 0.072265625 0.31332357247437775
6 0.8017578125 0.6544655929721815 0.083984375 0.37774524158125916
6 0.94287109375 0.6281112737920937 0.1103515625 0.7203513909224012
