0 0.5 0.7751479289940828 0.12820512820512822 0.27218934911242604
0 0.6183431952662722 0.7130177514792899 0.10453648915187377 0.11834319526627218
0 0.8126232741617357 0.7307692307692307 0.15384615384615385 0.15976331360946744
6 0.1824457593688363 0.6642011834319527 0.04930966469428008 0.1272189349112426
5 0.2406311637080868 0.6863905325443787 0.03550295857988166 0.07100591715976332
6 0.25443786982248523 0.6612426035502958 0.03155818540433925 0.06804733727810651
6 0.07889546351084813 0.6671597633136095 0.05128205128205129 0.11538461538461538
6 0.025641025641025644 0.6627218934911242 0.04339250493096647 0.11242603550295857
6 0.6203155818540435 0.6701183431952663 0.06903353057199212 0.15088757396449703
6 0.504930966469428 0.6715976331360947 0.11045364891518739 0.4319526627218935
6 0.819526627218935 0.6804733727810651 0.0650887573964497 0.20710059171597633
6 0.9299802761341224 0.6893491124260355 0.05719921104536489 0.1242603550295858
6 0.8777120315581854 0.6908284023668639 0.03155818540433925 0.12130177514792899
6 0.7652859960552268 0.6878698224852071 0.03155818540433925 0.10946745562130178
6 0.727810650887574 0.6893491124260355 0.02366863905325444 0.08284023668639053
