6 0.26406250000000003 0.8200836820083681 0.06875 0.1631799163179916
6 0.36015625 0.7730125523012552 0.0390625 0.08577405857740585
6 0.43281250000000004 0.8002092050209204 0.05 0.15690376569037656
6 0.5671875000000001 0.8033472803347279 0.059375000000000004 0.1589958158995816
6 0.6171875 0.7928870292887029 0.046875 0.16736401673640167
6 0.14375000000000002 0.8190376569037656 0.0625 0.11506276150627615
6 0.07500000000000001 0.807531380753138 0.037500000000000006 0.11297071129707112
6 0.040625 0.8127615062761505 0.040625 0.11506276150627615
2 0.29140625000000003 0.811715481171548 0.1953125 0.13807531380753138
2 0.8375 0.807531380753138 0.31875000000000003 0.22175732217573219
