0 0.32890625 0.8584905660377358 0.6109375 0.25943396226415094
6 0.21171875 0.7169811320754716 0.0328125 0.08018867924528301
6 0.1765625 0.7134433962264151 0.040625 0.07783018867924528
6 0.1265625 0.7146226415094339 0.05 0.08018867924528301
5 0.521875 0.7099056603773585 0.078125 0.12264150943396226
0 0.73046875 0.7346698113207547 0.06406250000000001 0.07783018867924528
6 0.80859375 0.7511792452830188 0.051562500000000004 0.205188679245283
6 0.8765625 0.6969339622641509 0.037500000000000006 0.09669811320754716
6 0.91328125 0.695754716981132 0.045312500000000006 0.10377358490566037
6 0.665625 0.7016509433962264 0.037500000000000006 0.08726415094339622
6 0.6375000000000001 0.7075471698113207 0.03125 0.11320754716981132
6 0.59609375 0.7040094339622641 0.0484375 0.10141509433962263
6 0.45859375 0.6886792452830188 0.029687500000000002 0.07075471698113207
6 0.1921875 0.2983490566037736 0.084375 0.2570754716981132
