6 0.028125 0.29625 0.037500000000000006 0.0575
6 0.10078125 0.33125 0.0578125 0.1475
6 0.16328125000000002 0.28625 0.0421875 0.0575
6 0.17265625 0.36 0.0484375 0.06
6 0.25625000000000003 0.39625 0.078125 0.2325
6 0.34218750000000003 0.46375 0.15000000000000002 0.47250000000000003
6 0.49921875000000004 0.30875 0.0484375 0.1525
6 0.4921875 0.4575 0.17500000000000002 0.585
6 0.63203125 0.27 0.0328125 0.095
6 0.66328125 0.28875 0.035937500000000004 0.10250000000000001
6 0.6984375 0.295 0.043750000000000004 0.17500000000000002
6 0.728125 0.30625 0.040625 0.1375
6 0.7765625 0.33875 0.07187500000000001 0.2925
6 0.628125 0.3875 0.07187500000000001 0.255
6 0.6296875000000001 0.4575 0.203125 0.685
6 0.8367187500000001 0.2775 0.0578125 0.1
5 0.3046875 0.53625 0.2625 0.4425
5 0.62421875 0.59875 0.46718750000000003 0.5125
5 0.8250000000000001 0.435 0.184375 0.245
5 0.85859375 0.35000000000000003 0.09843750000000001 0.14
5 0.13515625 0.6637500000000001 0.2609375 0.5325
2 0.925 0.31125 0.146875 0.2175
