1 0.6507633587786259 0.24617737003058104 0.45038167938931295 0.40061162079510704
6 0.5047709923664122 0.3654434250764526 0.06297709923664122 0.13149847094801223
6 0.6211832061068702 0.40519877675840976 0.07442748091603053 0.22935779816513763
6 0.5734732824427481 0.4923547400611621 0.12022900763358778 0.41590214067278286
6 0.6965648854961832 0.40825688073394495 0.07251908396946564 0.23547400611620795
6 0.8330152671755725 0.4694189602446483 0.11259541984732824 0.308868501529052
6 0.939885496183206 0.599388379204893 0.10877862595419847 0.617737003058104
6 0.7490458015267175 0.6483180428134556 0.19274809160305342 0.6299694189602446
6 0.4627862595419847 0.5397553516819572 0.1965648854961832 0.4801223241590214
6 0.3702290076335878 0.3730886850152905 0.05725190839694656 0.14067278287461774
6 0.34732824427480913 0.44648318042813456 0.10687022900763359 0.3425076452599388
6 0.2862595419847328 0.5137614678899083 0.11832061068702289 0.45871559633027525
6 0.2166030534351145 0.36085626911314983 0.06679389312977099 0.1834862385321101
6 0.12881679389312978 0.327217125382263 0.051526717557251904 0.14067278287461774
6 0.17938931297709923 0.4969418960244648 0.09541984732824427 0.38837920489296635
6 0.06202290076335878 0.47706422018348627 0.10877862595419847 0.3669724770642202
5 0.06393129770992366 0.5688073394495413 0.10877862595419847 0.26299694189602446
5 0.15553435114503816 0.6253822629969419 0.08587786259541984 0.22324159021406728
5 0.28721374045801523 0.5978593272171254 0.17366412213740456 0.3394495412844037
5 0.46564885496183206 0.6162079510703364 0.17938931297709923 0.38837920489296635
5 0.5772900763358778 0.5611620795107034 0.12404580152671756 0.28440366972477066
5 0.6688931297709924 0.6330275229357798 0.08969465648854962 0.24464831804281345
5 0.7509541984732824 0.7522935779816514 0.15839694656488548 0.40978593272171254
5 0.9265267175572519 0.8318042813455657 0.13931297709923662 0.3180428134556575
