5 0.34976525821596244 0.5890522875816994 0.4178403755868545 0.45588235294117646
5 0.6377151799687011 0.3194444444444445 0.12363067292644758 0.1388888888888889
5 0.5696400625978091 0.41339869281045755 0.14710485133020346 0.19934640522875818
5 0.7566510172143975 0.571078431372549 0.3333333333333333 0.4852941176470588
5 0.9483568075117371 0.2777777777777778 0.08763693270735524 0.13398692810457516
5 0.8732394366197184 0.244281045751634 0.08450704225352113 0.11601307189542484
6 0.37089201877934275 0.38562091503267976 0.17214397496087638 0.39542483660130723
6 0.4561815336463224 0.39869281045751637 0.107981220657277 0.39215686274509803
6 0.5226917057902973 0.244281045751634 0.10641627543035995 0.1715686274509804
6 0.63302034428795 0.21977124183006536 0.051643192488262914 0.08660130718954248
6 0.9499217527386542 0.2058823529411765 0.0782472613458529 0.13398692810457516
6 0.8661971830985916 0.20751633986928106 0.06729264475743349 0.11437908496732027
6 0.7636932707355243 0.3741830065359477 0.26291079812206575 0.542483660130719
