1 0.29453125 0.6635416666666667 0.26406250000000003 0.27291666666666664
2 0.578125 0.7666666666666666 0.153125 0.12083333333333333
2 0.434375 0.7697916666666667 0.203125 0.17291666666666666
2 0.8562500000000001 0.759375 0.25625000000000003 0.17708333333333334
2 0.77265625 0.85 0.42031250000000003 0.22083333333333333
6 0.6664062500000001 0.703125 0.1078125 0.08958333333333333
6 0.19375 0.7385416666666667 0.043750000000000004 0.12291666666666666
6 0.16015625 0.7489583333333333 0.045312500000000006 0.13958333333333334
6 0.12812500000000002 0.7458333333333333 0.034375 0.125
6 0.1046875 0.746875 0.03125 0.12708333333333333
6 0.2515625 0.7708333333333334 0.053125000000000006 0.19583333333333333
6 0.21015625000000002 0.7895833333333333 0.0578125 0.18333333333333332
