Bottle 0.5398437500000001 0.09843205574912892 0.0890625 0.09233449477351917
Bottle 0.67578125 0.10017421602787456 0.0421875 0.08885017421602788
Bottle 0.75 0.10801393728222997 0.043750000000000004 0.08013937282229965
Bottle 0.6234375000000001 0.20034843205574912 0.28125 0.08013937282229965
Bottle 0.41640625000000003 0.11149825783972125 0.051562500000000004 0.059233449477351915
Bottle 0.41250000000000003 0.22386759581881532 0.153125 0.1445993031358885
6 0.41875 0.3832752613240418 0.14375000000000002 0.17421602787456447
6 0.5171875 0.3614982578397212 0.11875000000000001 0.18292682926829268
6 0.65 0.33797909407665505 0.078125 0.13937282229965156
6 0.74921875 0.36498257839721254 0.11093750000000001 0.25261324041811845
6 0.8703125 0.49564459930313587 0.12812500000000002 0.16202090592334495
6 0.73203125 0.49738675958188155 0.1171875 0.16550522648083624
6 0.6890625 0.4834494773519164 0.15000000000000002 0.12020905923344948
6 0.96640625 0.4634146341463415 0.060937500000000006 0.12195121951219512
6 0.32421875 0.47909407665505227 0.1546875 0.18118466898954705
6 0.49531250000000004 0.49825783972125437 0.15000000000000002 0.17073170731707318
6 0.08359375000000001 0.4817073170731707 0.1328125 0.19686411149825783
Cup 0.1796875 0.5121951219512195 0.043750000000000004 0.10801393728222997
Cup 0.9015625 0.5130662020905923 0.037500000000000006 0.11672473867595819
5 0.4265625 0.7378048780487805 0.625 0.47909407665505227
5 0.7265625 0.7238675958188153 0.53125 0.48257839721254353
