1 0.354043392504931 0.6050295857988166 0.35700197238658776 0.3224852071005917
6 0.9743589743589745 0.6257396449704142 0.04733727810650888 0.09171597633136094
1 0.08678500986193294 0.5976331360946745 0.16568047337278108 0.4319526627218935
2 0.5453648915187377 0.6553254437869822 0.05325443786982249 0.10355029585798817
2 0.5936883629191322 0.6464497041420119 0.07100591715976332 0.08579881656804733
2 0.6459566074950691 0.6420118343195266 0.0650887573964497 0.07692307692307693
2 0.7051282051282052 0.6331360946745562 0.05325443786982249 0.0650887573964497
2 0.7603550295857988 0.6612426035502958 0.08086785009861934 0.10355029585798817
2 0.8865877712031559 0.6405325443786982 0.05719921104536489 0.09763313609467456
1 0.7504930966469429 0.5961538461538461 0.08875739644970415 0.06804733727810651
1 0.8047337278106509 0.6079881656804733 0.04339250493096647 0.06804733727810651
