2 0.765625 0.8833333333333334 0.44375000000000003 0.22222222222222224
0 0.2734375 0.9111111111111111 0.17500000000000002 0.15555555555555556
6 0.22890625 0.7861111111111111 0.0328125 0.10555555555555556
6 0.26953125 0.7958333333333334 0.029687500000000002 0.11944444444444445
6 0.296875 0.8041666666666667 0.03125 0.10277777777777779
6 0.33984375 0.8152777777777778 0.026562500000000003 0.17500000000000002
6 0.36953125000000003 0.7555555555555555 0.026562500000000003 0.07222222222222223
6 0.31015625 0.7194444444444444 0.029687500000000002 0.061111111111111116
6 0.3796875 0.8402777777777778 0.053125000000000006 0.19166666666666668
6 0.42578125 0.8125 0.035937500000000004 0.18611111111111112
6 0.45859375 0.826388888888889 0.029687500000000002 0.17500000000000002
6 0.48984375 0.8194444444444445 0.026562500000000003 0.14444444444444446
6 0.51796875 0.7861111111111111 0.0421875 0.1388888888888889
6 0.5640625 0.7958333333333334 0.028125 0.13055555555555556
6 0.63046875 0.7916666666666667 0.045312500000000006 0.16666666666666669
5 0.11640625 0.8819444444444445 0.1328125 0.18055555555555555
5 0.6062500000000001 0.8583333333333334 0.05625 0.1388888888888889
6 0.8859375 0.7527777777777778 0.037500000000000006 0.06666666666666667
6 0.8453125 0.7527777777777778 0.040625 0.07222222222222223
