6 0.384375 0.2423887587822014 0.034375 0.0585480093676815
6 0.36250000000000004 0.2728337236533958 0.034375 0.10070257611241218
6 0.34375 0.2775175644028103 0.03125 0.08665105386416862
6 0.31875000000000003 0.25644028103044497 0.028125 0.08665105386416862
6 0.30390625000000004 0.28337236533957844 0.035937500000000004 0.10304449648711944
6 0.27890625 0.2939110070257611 0.035937500000000004 0.11475409836065574
6 0.25078125 0.29156908665105385 0.0328125 0.1053864168618267
6 0.18125000000000002 0.30327868852459017 0.043750000000000004 0.11475409836065574
6 0.06406250000000001 0.3091334894613583 0.043750000000000004 0.10772833723653395
6 0.3796875 0.3395784543325527 0.08750000000000001 0.18266978922716628
6 0.50390625 0.3325526932084309 0.11406250000000001 0.17330210772833723
6 0.68671875 0.3185011709601874 0.0328125 0.08430913348946135
6 0.59609375 0.37822014051522246 0.1046875 0.28337236533957844
6 0.76484375 0.3981264637002342 0.11406250000000001 0.3185011709601874
6 0.8500000000000001 0.297423887587822 0.09062500000000001 0.1451990632318501
6 0.9476562500000001 0.34543325526932084 0.0921875 0.21779859484777517
5 0.9007812500000001 0.5491803278688525 0.1765625 0.3770491803278688
5 0.721875 0.5081967213114754 0.20625000000000002 0.3372365339578454
5 0.56953125 0.5187353629976581 0.2109375 0.28805620608899296
5 0.46015625000000004 0.468384074941452 0.1265625 0.2388758782201405
5 0.3375 0.46252927400468385 0.19375 0.2459016393442623
