6 0.296875 0.556470588235294 0.09375 0.4588235294117647
6 0.41171875 0.4729411764705882 0.11406250000000001 0.36235294117647054
6 0.6117187500000001 0.6976470588235294 0.17343750000000002 0.5670588235294117
6 0.50390625 0.46352941176470586 0.051562500000000004 0.07529411764705882
6 0.66953125 0.46117647058823524 0.029687500000000002 0.13176470588235292
6 0.6960937500000001 0.46705882352941175 0.045312500000000006 0.1576470588235294
6 0.7210937500000001 0.4494117647058823 0.0328125 0.08941176470588234
6 0.7664062500000001 0.46705882352941175 0.045312500000000006 0.1576470588235294
6 0.8171875000000001 0.4694117647058823 0.0625 0.21411764705882352
6 0.859375 0.4764705882352941 0.0625 0.18588235294117644
6 0.96796875 0.4764705882352941 0.0484375 0.22823529411764704
6 0.02734375 0.5023529411764706 0.0390625 0.21411764705882352
6 0.06328125 0.4870588235294117 0.0421875 0.1788235294117647
6 0.10312500000000001 0.4952941176470588 0.065625 0.1576470588235294
6 0.13046875 0.48 0.035937500000000004 0.15999999999999998
6 0.15937500000000002 0.48470588235294115 0.040625 0.1364705882352941
6 0.1953125 0.4541176470588235 0.028125 0.0988235294117647
6 0.2234375 0.468235294117647 0.034375 0.10823529411764705
5 0.2 0.6105882352941175 0.109375 0.27058823529411763
5 0.09062500000000001 0.7541176470588234 0.171875 0.43999999999999995
5 0.51484375 0.7941176470588235 0.47968750000000004 0.4023529411764706
5 0.7828125 0.6317647058823529 0.20625000000000002 0.27058823529411763
5 0.9515625000000001 0.7458823529411764 0.08750000000000001 0.40470588235294114
