2 0.8007889546351086 0.6923076923076923 0.3747534516765286 0.5443786982248521
6 0.8214990138067062 0.41715976331360943 0.06903353057199212 0.15384615384615385
6 0.7021696252465484 0.3964497041420118 0.03944773175542406 0.09467455621301775
6 0.6587771203155819 0.40828402366863903 0.04339250493096647 0.14201183431952663
6 0.5976331360946746 0.4245562130177515 0.04733727810650888 0.1390532544378698
6 0.5552268244575937 0.48668639053254437 0.08086785009861934 0.257396449704142
6 0.4812623274161736 0.4437869822485207 0.04733727810650888 0.15384615384615385
6 0.4201183431952663 0.4511834319526627 0.07100591715976332 0.1923076923076923
6 0.3254437869822485 0.5103550295857988 0.13412228796844183 0.36390532544378695
6 0.1854043392504931 0.47337278106508873 0.1183431952662722 0.24260355029585798
6 0.0631163708086785 0.5177514792899408 0.11045364891518739 0.3254437869822485
5 0.044378698224852076 0.6153846153846154 0.08086785009861934 0.23076923076923075
5 0.19428007889546353 0.5754437869822485 0.08875739644970415 0.1804733727810651
5 0.33826429980276135 0.6346153846153846 0.12426035502958581 0.257396449704142
5 0.4299802761341223 0.5059171597633136 0.0591715976331361 0.14201183431952663
5 0.4832347140039448 0.4985207100591716 0.05128205128205129 0.1272189349112426
5 0.5414201183431953 0.5621301775147929 0.08086785009861934 0.21301775147928995
5 0.596646942800789 0.4718934911242603 0.05719921104536489 0.07988165680473372
5 0.6587771203155819 0.4526627218934911 0.07495069033530573 0.08875739644970414
5 0.7100591715976332 0.4541420118343195 0.04733727810650888 0.09171597633136094
5 0.8205128205128206 0.4437869822485207 0.08678500986193294 0.10059171597633136
