0 0.11739130434782609 0.6977124183006537 0.22608695652173913 0.2908496732026144
0 0.3804347826086957 0.823529411764706 0.2391304347826087 0.33333333333333337
0 0.4641304347826087 0.6519607843137255 0.10217391304347827 0.23202614379084968
0 0.6347826086956522 0.7434640522875817 0.1826086956521739 0.369281045751634
0 0.8858695652173914 0.7565359477124183 0.16304347826086957 0.3366013071895425
6 0.12608695652173912 0.5032679738562091 0.06956521739130435 0.09803921568627451
6 0.11630434782608695 0.630718954248366 0.13695652173913045 0.22222222222222224
6 0.36086956521739133 0.6666666666666667 0.14782608695652175 0.6143790849673203
6 0.47500000000000003 0.573529411764706 0.1108695652173913 0.3496732026143791
6 0.6010869565217392 0.638888888888889 0.14130434782608695 0.5065359477124183
6 0.8793478260869565 0.630718954248366 0.10217391304347827 0.5163398692810458
