6 0.11015625000000001 0.616822429906542 0.09531250000000001 0.32242990654205606
6 0.20703125 0.4906542056074766 0.0859375 0.12149532710280372
6 0.40859375000000003 0.4906542056074766 0.0578125 0.11682242990654204
6 0.5007812500000001 0.4964953271028037 0.0390625 0.10514018691588785
6 0.29375 0.6682242990654205 0.125 0.616822429906542
6 0.63828125 0.5455607476635513 0.035937500000000004 0.12383177570093457
6 0.61484375 0.4906542056074766 0.0390625 0.07009345794392523
6 0.5164062500000001 0.5992990654205607 0.1953125 0.43691588785046725
6 0.73359375 0.49299065420560745 0.0484375 0.11682242990654204
6 0.7054687500000001 0.630841121495327 0.1046875 0.43457943925233644
6 0.84140625 0.5058411214953271 0.035937500000000004 0.11915887850467288
6 0.8992187500000001 0.6425233644859812 0.1296875 0.5373831775700935
5 0.515625 0.7301401869158878 0.23750000000000002 0.40887850467289716
5 0.06875 0.8072429906542056 0.115625 0.32943925233644855
5 0.828125 0.5315420560747663 0.037500000000000006 0.0911214953271028
0 0.7046875 0.7453271028037383 0.1375 0.3598130841121495
