1 0.28635014836795253 0.44891944990176813 0.34718100890207715 0.34774066797642433
1 0.38724035608308605 0.2544204322200393 0.31750741839762614 0.19842829076620824
1 0.7106824925816024 0.19744597249508838 0.23442136498516322 0.17878192534381138
1 0.5548961424332345 0.12573673870333987 0.27299703264094954 0.13752455795677798
6 0.49851632047477745 0.5284872298624754 0.11275964391691395 0.11787819253438113
6 0.8175074183976262 0.5294695481335953 0.06231454005934718 0.1355599214145383
6 0.7299703264094956 0.5550098231827112 0.0771513353115727 0.13948919449901767
6 0.5222551928783383 0.12278978388998034 0.05934718100890208 0.05304518664047151
1 0.30415430267062316 0.05599214145383104 0.14540059347181009 0.09626719056974459
1 0.20029673590504452 0.03831041257367387 0.09198813056379822 0.06876227897838899
2 0.17804154302670624 0.16404715127701375 0.33234421364985167 0.18664047151277013
2 0.6023738872403561 0.3359528487229862 0.20178041543026706 0.10609037328094302
2 0.6661721068249259 0.2829076620825147 0.17507418397626112 0.07858546168958742
2 0.6824925816023739 0.40373280943025536 0.27299703264094954 0.17092337917485265
2 0.5949554896142434 0.6787819253438113 0.2997032640949555 0.20235756385068762
2 0.4599406528189911 0.7622789783889979 0.40949554896142437 0.30648330058939094
2 0.7477744807121662 0.0667976424361493 0.23738872403560832 0.10216110019646364
