0 0.421875 0.7786177105831534 0.084375 0.21382289416846653
6 0.41718750000000004 0.7030237580993521 0.08750000000000001 0.265658747300216
1 0.3671875 0.5453563714902808 0.21875 0.36501079913606915
2 0.5593750000000001 0.654427645788337 0.146875 0.14254859611231102
2 0.521875 0.5831533477321814 0.09062500000000001 0.09503239740820735
2 0.6953125 0.6501079913606912 0.1125 0.13390928725701945
2 0.8015625000000001 0.6479481641468683 0.17500000000000002 0.19438444924406048
2 0.87109375 0.6825053995680346 0.17343750000000002 0.16846652267818576
2 0.9554687500000001 0.7095032397408207 0.08281250000000001 0.21382289416846653
2 0.203125 0.695464362850972 0.19687500000000002 0.21598272138228944
