5 0.546875 0.7083333333333334 0.1625 0.42916666666666664
6 0.815625 0.5572916666666666 0.065625 0.21041666666666667
6 0.640625 0.47604166666666664 0.043750000000000004 0.16041666666666665
6 0.6937500000000001 0.465625 0.08125 0.11875
6 0.7546875000000001 0.50625 0.0625 0.1875
6 0.815625 0.4395833333333333 0.08125 0.0875
6 0.46015625000000004 0.4979166666666667 0.045312500000000006 0.19583333333333333
6 0.42734375 0.46249999999999997 0.0421875 0.14166666666666666
6 0.49843750000000003 0.46249999999999997 0.043750000000000004 0.14166666666666666
6 0.52109375 0.46041666666666664 0.0328125 0.0875
6 0.553125 0.46249999999999997 0.040625 0.10416666666666667
2 0.29531250000000003 0.509375 0.27187500000000003 0.15625
2 0.12578125 0.5364583333333334 0.22968750000000002 0.24375
0 0.63203125 0.603125 0.0859375 0.23124999999999998
Chair 0.8500000000000001 0.6041666666666666 0.07500000000000001 0.15416666666666667
