0 0.33359375 0.6147540983606558 0.1703125 0.23185011709601874
0 0.70234375 0.5913348946135831 0.11093750000000001 0.17096018735362997
0 0.81953125 0.6932084309133489 0.0859375 0.3325526932084309
6 0.5375 0.5304449648711944 0.037500000000000006 0.12412177985948478
6 0.49921875000000004 0.5152224824355972 0.0328125 0.12177985948477751
6 0.4703125 0.5199063231850117 0.034375 0.12646370023419204
6 0.5765625 0.5081967213114754 0.034375 0.1358313817330211
0 0.62421875 0.5398126463700235 0.051562500000000004 0.08665105386416862
6 0.64375 0.5011709601873536 0.037500000000000006 0.13114754098360656
6 0.69140625 0.48360655737704916 0.0390625 0.1053864168618267
6 0.77265625 0.5140515222482436 0.051562500000000004 0.19437939110070257
Chair 0.42109375000000004 0.5515222482435597 0.029687500000000002 0.06323185011709602
Chair 0.45234375000000004 0.5562060889929742 0.026562500000000003 0.07259953161592506
